  1:   0.0000  1.0000  0.0000  0.0000  1
  2:   1.0000  0.0000  0.0000  0.0000  1
  3:   1.0000  0.0000  0.0000  0.0000  1
  4:   1.0000  0.0000  0.0000  0.0000  1
  5:   1.0000  0.0000  0.0000  0.0000  1
  6:   0.0000  0.0000  0.4694  0.5306  1
  7:   0.0000  0.0000  0.9502  0.0498  1
  8:   0.8999  0.0004  0.0000  0.0996  1
  9:   1.0000  0.0000  0.0000  0.0000  1
 10:   0.0000  0.0000  0.0000  1.0000  1
 11:   1.0000  0.0000  0.0000  0.0000  1
 12:   1.0000  0.0000  0.0000  0.0000  1
 13:   1.0000  0.0000  0.0000  0.0000  1
 14:   0.0000  0.0000  0.9023  0.0977  1
 15:   1.0000  0.0000  0.0000  0.0000  1
 16:   0.0000  0.0000  0.9634  0.0366  1
 17:   1.0000  0.0000  0.0000  0.0000  1
 18:   1.0000  0.0000  0.0000  0.0000  1
 19:   0.0000  0.0000  1.0000  0.0000  1
 20:   1.0000  0.0000  0.0000  0.0000  1
 21:   1.0000  0.0000  0.0000  0.0000  1
 22:   1.0000  0.0000  0.0000  0.0000  1
 23:   0.0000  0.0000  0.8064  0.1936  1
 24:   0.0000  0.0000  0.8922  0.1078  1
 25:   0.9207  0.0793  0.0000  0.0000  1
 26:   0.0000  0.0000  0.5091  0.4909  1
 27:   1.0000  0.0000  0.0000  0.0000  1
 28:   0.0000  0.0000  0.8669  0.1331  1
 29:   1.0000  0.0000  0.0000  0.0000  1
 30:   1.0000  0.0000  0.0000  0.0000  1
 31:   0.0000  1.0000  0.0000  0.0000  1
 32:   0.0000  0.0000  0.0000  1.0000  1
 33:   0.1215  0.0000  0.6400  0.2385  1
 34:   0.0000  0.0000  0.0000  1.0000  1
 35:   0.0000  0.0000  1.0000  0.0000  1
 36:   0.0000  0.0000  0.4958  0.5042  1
 37:   0.0732  0.0000  0.3593  0.5674  1
 38:   1.0000  0.0000  0.0000  0.0000  1
 39:   0.0000  0.0499  0.8467  0.1034  1
 40:   0.9177  0.0000  0.0000  0.0823  1
 41:   1.0000  0.0000  0.0000  0.0000  1
 42:   1.0000  0.0000  0.0000  0.0000  1
 43:   0.9615  0.0000  0.0009  0.0376  1
 44:   0.1421  0.0000  0.2469  0.6110  1
 45:   0.0000  0.0300  0.6151  0.3548  1
 46:   1.0000  0.0000  0.0000  0.0000  1
 47:   0.0000  0.0785  0.8529  0.0686  1
 48:   0.0000  0.0000  0.2295  0.7705  1
 49:   0.0000  0.0262  0.9738  0.0000  1
 50:   0.0000  0.0000  1.0000  0.0000  1
 51:   1.0000  0.0000  0.0000  0.0000  1
 52:   1.0000  0.0000  0.0000  0.0000  1
 53:   0.0000  0.0000  0.0000  1.0000  1
 54:   0.0000  1.0000  0.0000  0.0000  1
 55:   0.0000  0.0000  1.0000  0.0000  1
 56:   0.0000  1.0000  0.0000  0.0000  1
 57:   0.0000  0.0000  0.0000  1.0000  1
 58:   0.0000  0.0436  0.9564  0.0000  1
 59:   1.0000  0.0000  0.0000  0.0000  1
 60:   0.0000  0.0000  0.0000  1.0000  1
 61:   0.0000  0.0000  0.0000  1.0000  1
 62:   1.0000  0.0000  0.0000  0.0000  1
 63:   0.0000  0.0300  0.4889  0.4811  1
 64:   0.0000  0.0000  0.8544  0.1456  1
 65:   0.0000  0.0946  0.0000  0.9054  1
 66:   1.0000  0.0000  0.0000  0.0000  1
 67:   0.0000  0.8734  0.0000  0.1266  1
 68:   0.0000  1.0000  0.0000  0.0000  1
 69:   0.0000  0.0000  0.0000  1.0000  1
 70:   0.0000  0.0000  0.0000  1.0000  1
 71:   1.0000  0.0000  0.0000  0.0000  1
 72:   0.8748  0.1252  0.0000  0.0000  1
 73:   0.9544  0.0000  0.0456  0.0000  1
 74:   0.0000  0.0000  0.0000  1.0000  1
 75:   0.0000  0.0000  0.2259  0.7741  1
 76:   0.0000  0.0000  0.0000  1.0000  1
 77:   0.9418  0.0001  0.0000  0.0580  1
 78:   0.0000  1.0000  0.0000  0.0000  1
 79:   0.0000  0.0000  0.0000  1.0000  1
 80:   1.0000  0.0000  0.0000  0.0000  1
 81:   0.0000  1.0000  0.0000  0.0000  1
 82:   0.0000  0.0000  1.0000  0.0000  1
 83:   0.0537  0.0000  0.7555  0.1908  1
 84:   0.0000  0.0303  0.0000  0.9697  1
 85:   0.0000  0.0000  0.2020  0.7980  1
 86:   0.0000  0.0000  1.0000  0.0000  1
 87:   0.7627  0.0000  0.0000  0.2373  1
 88:   0.0000  0.0000  1.0000  0.0000  1
 89:   0.0000  0.0000  0.0000  1.0000  1
 90:   1.0000  0.0000  0.0000  0.0000  1
 91:   0.0000  0.0000  0.7500  0.2500  1
 92:   0.0000  0.0000  0.9809  0.0191  1
 93:   0.0000  1.0000  0.0000  0.0000  1
 94:   0.0000  1.0000  0.0000  0.0000  1
 95:   0.1525  0.0483  0.7992  0.0000  1
 96:   1.0000  0.0000  0.0000  0.0000  1
 97:   0.1581  0.0000  0.6639  0.1780  1
 98:   0.1396  0.0000  0.4857  0.3747  1
 99:   0.3945  0.0143  0.5912  0.0000  1
100:   0.5149  0.3464  0.0000  0.1387  1
101:   0.8160  0.0000  0.0000  0.1840  1
102:   1.0000  0.0000  0.0000  0.0000  1
103:   0.0000  0.0606  0.7580  0.1814  1
104:   0.5833  0.3313  0.0853  0.0000  1
105:   0.8143  0.0000  0.1498  0.0359  1
106:   1.0000  0.0000  0.0000  0.0000  1
107:   0.8059  0.0000  0.0000  0.1941  1
108:   0.9501  0.0499  0.0000  0.0000  1
109:   0.0000  0.0000  0.3446  0.6554  1
110:   0.9652  0.0348  0.0000  0.0000  1
111:   0.9699  0.0000  0.0301  0.0000  1
112:   0.0000  0.0000  0.8137  0.1863  1
113:   0.1751  0.0000  0.7353  0.0896  1
114:   0.2064  0.0769  0.3249  0.3917  1
115:   0.0368  0.0001  0.6801  0.2831  1
116:   0.6026  0.1854  0.0000  0.2120  1
117:   0.8301  0.1699  0.0000  0.0000  1
118:   0.0168  0.0257  0.9574  0.0001  1
119:   0.8468  0.1532  0.0000  0.0000  1
120:   0.7723  0.2277  0.0000  0.0000  1
121:   0.9796  0.0000  0.0000  0.0204  1
122:   0.7929  0.0000  0.0000  0.2071  1
123:   0.7100  0.2900  0.0000  0.0000  1
124:   0.0000  0.0000  0.5151  0.4849  1
125:   0.0083  0.0000  0.8445  0.1472  1
126:   1.0000  0.0000  0.0000  0.0000  1
127:   0.0000  0.0000  1.0000  0.0000  1
128:   0.0000  1.0000  0.0000  0.0000  1
129:   1.0000  0.0000  0.0000  0.0000  1
130:   0.0000  0.8510  0.1490  0.0000  1
131:   1.0000  0.0000  0.0000  0.0000  1
132:   0.0000  0.0000  0.8007  0.1993  1
133:   0.2157  0.7843  0.0000  0.0000  1
134:   0.1603  0.7778  0.0000  0.0619  1
135:   0.8161  0.0291  0.0000  0.1548  1
136:   0.0000  1.0000  0.0000  0.0000  1
137:   1.0000  0.0000  0.0000  0.0000  1
138:   0.0000  0.0000  0.9637  0.0363  1
139:   0.0000  1.0000  0.0000  0.0000  1
140:   0.8743  0.1257  0.0000  0.0000  1
141:   0.0000  0.0000  0.0000  1.0000  1
142:   0.0000  1.0000  0.0000  0.0000  1
143:   0.5359  0.3839  0.0000  0.0802  1
144:   0.0000  1.0000  0.0000  0.0000  1
145:   0.0000  1.0000  0.0000  0.0000  1
146:   0.0000  0.1328  0.8672  0.0000  1
147:   0.1098  0.0000  0.3290  0.5612  1
148:   0.0000  0.8327  0.0000  0.1673  1
149:   0.6749  0.3251  0.0000  0.0000  1
150:   0.8992  0.0226  0.0000  0.0782  1
151:   0.0863  0.0000  0.9137  0.0000  1
152:   0.6228  0.1722  0.1524  0.0526  1
153:   0.9559  0.0441  0.0000  0.0000  1
154:   0.8257  0.1743  0.0000  0.0000  1
155:   0.8486  0.1203  0.0311  0.0000  1
156:   0.8263  0.1737  0.0000  0.0000  1
157:   0.9155  0.0000  0.0000  0.0845  1
158:   0.0000  0.0000  1.0000  0.0000  1
159:   0.7112  0.0000  0.2597  0.0291  1
160:   0.0000  1.0000  0.0000  0.0000  1
161:   0.2279  0.0000  0.3642  0.4079  1
162:   0.0000  0.0000  0.9467  0.0533  1
163:   0.0000  1.0000  0.0000  0.0000  1
164:   0.0000  1.0000  0.0000  0.0000  1
165:   0.0533  0.1061  0.8407  0.0000  1
166:   1.0000  0.0000  0.0000  0.0000  1
167:   0.5156  0.0000  0.0000  0.4844  1
168:   0.0000  0.1254  0.2261  0.6486  1
169:   0.8559  0.1280  0.0000  0.0161  1
170:   0.1893  0.0000  0.4605  0.3502  1
171:   0.5930  0.0000  0.0000  0.4070  1
172:   0.9414  0.0000  0.0586  0.0000  1
173:   0.0897  0.9103  0.0000  0.0000  1
174:   1.0000  0.0000  0.0000  0.0000  1
175:   0.8416  0.1584  0.0000  0.0000  1
176:   0.5500  0.1531  0.1940  0.1029  1
177:   0.0000  1.0000  0.0000  0.0000  1
178:   0.3690  0.1663  0.0000  0.4647  1
179:   0.8210  0.0000  0.0000  0.1790  1
180:   0.6969  0.0000  0.0000  0.3031  1
181:   0.9238  0.0762  0.0000  0.0000  1
182:   1.0000  0.0000  0.0000  0.0000  1
183:   0.0000  1.0000  0.0000  0.0000  1
184:   0.0265  0.4478  0.3953  0.1304  1
185:   1.0000  0.0000  0.0000  0.0000  1
186:   0.9397  0.0000  0.0000  0.0603  1
187:   0.0840  0.0000  0.0000  0.9160  1
188:   0.0000  0.2233  0.0000  0.7767  1
189:   0.0000  0.0000  0.7822  0.2178  1
190:   0.6596  0.1696  0.0000  0.1708  1
191:   0.0000  1.0000  0.0000  0.0000  1
192:   0.0000  0.0000  0.6057  0.3943  1
193:   0.0000  1.0000  0.0000  0.0000  1
194:   0.4636  0.0000  0.0000  0.5364  1
195:   0.0000  0.0000  0.8498  0.1502  1
196:   1.0000  0.0000  0.0000  0.0000  1
197:   0.0000  0.4574  0.5426  0.0000  1
198:   0.9601  0.0399  0.0000  0.0000  1
199:   0.5595  0.0000  0.0000  0.4405  1
200:   0.1978  0.0000  0.8022  0.0000  1
201:   0.0000  0.2660  0.3616  0.3724  1
202:   0.0000  1.0000  0.0000  0.0000  1
203:   0.0000  1.0000  0.0000  0.0000  1
204:   0.0000  1.0000  0.0000  0.0000  1
205:   0.0000  1.0000  0.0000  0.0000  1
206:   0.1642  0.0000  0.7346  0.1012  1
207:   0.7764  0.0000  0.2236  0.0000  1
208:   0.0000  0.7231  0.2769  0.0000  1
209:   1.0000  0.0000  0.0000  0.0000  1
210:   0.0000  1.0000  0.0000  0.0000  1
211:   0.0000  0.8389  0.0000  0.1611  1
212:   0.0000  0.0000  1.0000  0.0000  1
213:   0.0000  1.0000  0.0000  0.0000  1
214:   0.0000  0.0000  0.6931  0.3069  1
215:   0.0001  0.9999  0.0000  0.0000  1
216:   0.0000  0.0000  0.9562  0.0438  1
217:   0.0000  1.0000  0.0000  0.0000  1
218:   0.0000  0.0000  0.3714  0.6286  1
219:   0.3893  0.0032  0.0000  0.6075  1
220:   0.3239  0.6122  0.0000  0.0638  1
221:   0.0000  1.0000  0.0000  0.0000  1
222:   0.0000  1.0000  0.0000  0.0000  1
223:   0.9348  0.0599  0.0000  0.0052  1
224:   0.0000  1.0000  0.0000  0.0000  1
225:   0.0000  1.0000  0.0000  0.0000  1
226:   0.0000  0.8332  0.0000  0.1668  1
227:   0.0000  0.9989  0.0011  0.0000  1
228:   0.0609  0.0000  0.9065  0.0326  1
229:   0.1239  0.0000  0.8761  0.0000  1
230:   0.6744  0.3256  0.0000  0.0000  1

  1:   0.0000  1.0000  0.0000  0.0000  1
  2:   1.0000  0.0000  0.0000  0.0000  1
  3:   1.0000  0.0000  0.0000  0.0000  1
  4:   1.0000  0.0000  0.0000  0.0000  1
  5:   1.0000  0.0000  0.0000  0.0000  1
  6:   0.0000  0.0000  0.4774  0.5226  1
  7:   0.0000  0.0000  0.9730  0.0270  1
  8:   0.8712  0.0391  0.0000  0.0897  1
  9:   1.0000  0.0000  0.0000  0.0000  1
 10:   0.0000  0.0000  0.0000  1.0000  1
 11:   1.0000  0.0000  0.0000  0.0000  1
 12:   1.0000  0.0000  0.0000  0.0000  1
 13:   1.0000  0.0000  0.0000  0.0000  1
 14:   0.0000  0.0000  0.5296  0.4704  1
 15:   1.0000  0.0000  0.0000  0.0000  1
 16:   0.0000  0.0000  0.9029  0.0971  1
 17:   1.0000  0.0000  0.0000  0.0000  1
 18:   1.0000  0.0000  0.0000  0.0000  1
 19:   0.0000  0.0000  0.9675  0.0325  1
 20:   1.0000  0.0000  0.0000  0.0000  1
 21:   1.0000  0.0000  0.0000  0.0000  1
 22:   1.0000  0.0000  0.0000  0.0000  1
 23:   0.0000  0.0000  0.7590  0.2410  1
 24:   0.0000  0.0000  0.9998  0.0002  1
 25:   0.9208  0.0792  0.0000  0.0000  1
 26:   0.0000  0.0000  0.0000  1.0000  1
 27:   1.0000  0.0000  0.0000  0.0000  1
 28:   0.0000  0.0000  0.8490  0.1510  1
 29:   1.0000  0.0000  0.0000  0.0000  1
 30:   1.0000  0.0000  0.0000  0.0000  1
 31:   0.0000  1.0000  0.0000  0.0000  1
 32:   0.0000  0.0000  0.0000  1.0000  1
 33:   0.1076  0.0000  0.6801  0.2123  1
 34:   0.0000  0.0000  0.0000  1.0000  1
 35:   0.0255  0.0000  0.9364  0.0382  1
 36:   0.0000  0.0000  0.0000  1.0000  1
 37:   0.0828  0.0000  0.3084  0.6088  1
 38:   1.0000  0.0000  0.0000  0.0000  1
 39:   0.0000  0.0762  0.8260  0.0978  1
 40:   0.9087  0.0000  0.0000  0.0913  1
 41:   1.0000  0.0000  0.0000  0.0000  1
 42:   1.0000  0.0000  0.0000  0.0000  1
 43:   0.9581  0.0135  0.0283  0.0000  1
 44:   0.1489  0.0000  0.1104  0.7407  1
 45:   0.0000  0.0427  0.2171  0.7402  1
 46:   1.0000  0.0000  0.0000  0.0000  1
 47:   0.0000  0.0773  0.9227  0.0000  1
 48:   0.0000  0.0000  0.2482  0.7518  1
 49:   0.0000  0.0485  0.9515  0.0000  1
 50:   0.0000  0.0000  0.5905  0.4095  1
 51:   1.0000  0.0000  0.0000  0.0000  1
 52:   1.0000  0.0000  0.0000  0.0000  1
 53:   0.0000  0.0000  0.0000  1.0000  1
 54:   0.0000  1.0000  0.0000  0.0000  1
 55:   0.0000  0.0000  1.0000  0.0000  1
 56:   0.0000  1.0000  0.0000  0.0000  1
 57:   0.0000  0.0000  0.0000  1.0000  1
 58:   0.0600  0.0000  0.4594  0.4806  1
 59:   1.0000  0.0000  0.0000  0.0000  1
 60:   0.0000  0.0000  0.0953  0.9047  1
 61:   0.0000  0.0000  0.0000  1.0000  1
 62:   1.0000  0.0000  0.0000  0.0000  1
 63:   0.0000  0.0467  0.5260  0.4273  1
 64:   0.0000  0.0000  0.8139  0.1861  1
 65:   0.0000  0.1061  0.0000  0.8939  1
 66:   1.0000  0.0000  0.0000  0.0000  1
 67:   0.0000  0.8923  0.0000  0.1077  1
 68:   0.0000  1.0000  0.0000  0.0000  1
 69:   0.0000  0.0000  0.0000  1.0000  1
 70:   0.0000  0.0000  0.0000  1.0000  1
 71:   1.0000  0.0000  0.0000  0.0000  1
 72:   0.8759  0.1241  0.0000  0.0000  1
 73:   0.9460  0.0000  0.0540  0.0000  1
 74:   0.0000  0.0425  0.0000  0.9575  1
 75:   0.0000  0.0000  0.2390  0.7610  1
 76:   0.0000  0.0000  0.0000  1.0000  1
 77:   0.9435  0.0068  0.0000  0.0496  1
 78:   0.0000  1.0000  0.0000  0.0000  1
 79:   0.0000  0.0000  0.0000  1.0000  1
 80:   1.0000  0.0000  0.0000  0.0000  1
 81:   0.0000  1.0000  0.0000  0.0000  1
 82:   0.0000  0.0000  1.0000  0.0000  1
 83:   0.0746  0.0000  0.7250  0.2003  1
 84:   0.0000  0.0000  0.0000  1.0000  1
 85:   0.0000  0.0000  0.1964  0.8036  1
 86:   0.0000  0.0000  1.0000  0.0000  1
 87:   0.8073  0.0000  0.0000  0.1927  1
 88:   0.0000  0.0000  1.0000  0.0000  1
 89:   0.0000  0.0000  0.0000  1.0000  1
 90:   1.0000  0.0000  0.0000  0.0000  1
 91:   0.0000  0.0000  0.7742  0.2258  1
 92:   0.0000  0.0000  0.7476  0.2524  1
 93:   0.0000  1.0000  0.0000  0.0000  1
 94:   0.0000  1.0000  0.0000  0.0000  1
 95:   0.1291  0.0989  0.7720  0.0000  1
 96:   1.0000  0.0000  0.0000  0.0000  1
 97:   0.1583  0.0000  0.5900  0.2517  1
 98:   0.1335  0.0000  0.4415  0.4250  1
 99:   0.4060  0.0115  0.5825  0.0000  1
100:   0.5155  0.3517  0.0000  0.1328  1
101:   0.8300  0.0000  0.0000  0.1700  1
102:   1.0000  0.0000  0.0000  0.0000  1
103:   0.0000  0.0405  0.6460  0.3136  1
104:   0.5871  0.3180  0.0948  0.0000  1
105:   0.8144  0.0000  0.1134  0.0722  1
106:   1.0000  0.0000  0.0000  0.0000  1
107:   0.8396  0.0000  0.0000  0.1604  1
108:   0.9516  0.0484  0.0000  0.0000  1
109:   0.0000  0.0000  0.3021  0.6979  1
110:   0.9643  0.0357  0.0000  0.0000  1
111:   0.9721  0.0000  0.0279  0.0000  1
112:   0.0000  0.0000  0.8080  0.1920  1
113:   0.1669  0.0000  0.7279  0.1051  1
114:   0.1965  0.0827  0.3608  0.3600  1
115:   0.0405  0.0000  0.6062  0.3533  1
116:   0.5836  0.1784  0.0000  0.2381  1
117:   0.8263  0.1737  0.0000  0.0000  1
118:   0.0000  0.0000  0.9998  0.0002  1
119:   0.8566  0.1434  0.0000  0.0000  1
120:   0.7748  0.2252  0.0000  0.0000  1
121:   0.9700  0.0000  0.0000  0.0300  1
122:   0.8024  0.0000  0.0000  0.1976  1
123:   0.7130  0.2870  0.0000  0.0000  1
124:   0.0000  0.0000  0.2493  0.7507  1
125:   0.0004  0.0000  0.7864  0.2133  1
126:   1.0000  0.0000  0.0000  0.0000  1
127:   0.0000  0.0000  1.0000  0.0000  1
128:   0.0000  1.0000  0.0000  0.0000  1
129:   1.0000  0.0000  0.0000  0.0000  1
130:   0.0000  1.0000  0.0000  0.0000  1
131:   1.0000  0.0000  0.0000  0.0000  1
132:   0.0000  0.0000  0.0000  1.0000  1
133:   0.2175  0.7825  0.0000  0.0000  1
134:   0.1610  0.8390  0.0000  0.0000  1
135:   0.8092  0.0417  0.0000  0.1491  1
136:   0.0000  1.0000  0.0000  0.0000  1
137:   1.0000  0.0000  0.0000  0.0000  1
138:   0.0000  0.0000  0.8256  0.1744  1
139:   0.0000  0.9995  0.0005  0.0000  1
140:   0.8507  0.1120  0.0373  0.0000  1
141:   0.0000  0.0000  0.0000  1.0000  1
142:   0.0000  0.8853  0.1147  0.0000  1
143:   0.5477  0.3911  0.0000  0.0611  1
144:   0.0000  1.0000  0.0000  0.0000  1
145:   0.0000  1.0000  0.0000  0.0000  1
146:   0.0000  0.1217  0.8783  0.0000  1
147:   0.0563  0.0000  0.3055  0.6382  1
148:   0.0000  0.8431  0.0000  0.1569  1
149:   0.6655  0.3345  0.0000  0.0000  1
150:   0.8593  0.0668  0.0000  0.0739  1
151:   0.0000  0.0000  1.0000  0.0000  1
152:   0.6507  0.0820  0.0000  0.2673  1
153:   0.9554  0.0446  0.0000  0.0000  1
154:   0.8262  0.1738  0.0000  0.0000  1
155:   0.8473  0.1212  0.0315  0.0000  1
156:   0.8312  0.1688  0.0000  0.0000  1
157:   0.9248  0.0000  0.0000  0.0752  1
158:   0.0000  0.0000  1.0000  0.0000  1
159:   0.7038  0.0000  0.2706  0.0256  1
160:   0.0000  1.0000  0.0000  0.0000  1
161:   0.2221  0.0000  0.3387  0.4391  1
162:   0.0000  0.0000  0.9416  0.0584  1
163:   0.0000  1.0000  0.0000  0.0000  1
164:   0.0000  1.0000  0.0000  0.0000  1
165:   0.2209  0.0000  0.5208  0.2583  1
166:   1.0000  0.0000  0.0000  0.0000  1
167:   0.5092  0.0000  0.0000  0.4908  1
168:   0.0000  0.1486  0.2285  0.6229  1
169:   0.8670  0.1193  0.0000  0.0138  1
170:   0.1557  0.0000  0.5094  0.3349  1
171:   0.5816  0.0000  0.0000  0.4184  1
172:   0.9396  0.0000  0.0604  0.0000  1
173:   0.0903  0.9097  0.0000  0.0000  1
174:   1.0000  0.0000  0.0000  0.0000  1
175:   0.8357  0.1643  0.0000  0.0000  1
176:   0.5531  0.1529  0.1590  0.1350  1
177:   0.0000  1.0000  0.0000  0.0000  1
178:   0.3955  0.1942  0.0000  0.4103  1
179:   0.8292  0.0000  0.0000  0.1708  1
180:   0.6600  0.0000  0.0000  0.3400  1
181:   0.9245  0.0755  0.0000  0.0000  1
182:   1.0000  0.0000  0.0000  0.0000  1
183:   0.0000  1.0000  0.0000  0.0000  1
184:   0.0000  0.4350  0.4979  0.0672  1
185:   1.0000  0.0000  0.0000  0.0000  1
186:   0.9125  0.0000  0.0000  0.0875  1
187:   0.0691  0.0000  0.0000  0.9309  1
188:   0.0000  0.3031  0.1139  0.5830  1
189:   0.0000  0.0000  0.6350  0.3650  1
190:   0.6302  0.1659  0.0000  0.2038  1
191:   0.0000  1.0000  0.0000  0.0000  1
192:   0.0000  0.0000  0.5389  0.4611  1
193:   0.0000  1.0000  0.0000  0.0000  1
194:   0.4506  0.0079  0.0000  0.5414  1
195:   0.0000  0.0000  0.8511  0.1489  1
196:   1.0000  0.0000  0.0000  0.0000  1
197:   0.0000  0.4398  0.5602  0.0000  1
198:   0.9629  0.0371  0.0000  0.0000  1
199:   0.4976  0.0000  0.0591  0.4433  1
200:   0.1321  0.0000  0.8679  0.0000  1
201:   0.0000  0.1813  0.0000  0.8187  1
202:   0.0000  1.0000  0.0000  0.0000  1
203:   0.0000  1.0000  0.0000  0.0000  1
204:   0.0000  1.0000  0.0000  0.0000  1
205:   0.0000  1.0000  0.0000  0.0000  1
206:   0.1723  0.0000  0.7317  0.0960  1
207:   0.7348  0.0000  0.2652  0.0000  1
208:   0.0000  0.7007  0.2993  0.0000  1
209:   1.0000  0.0000  0.0000  0.0000  1
210:   0.0000  1.0000  0.0000  0.0000  1
211:   0.0000  0.8355  0.0000  0.1645  1
212:   0.0000  0.0000  1.0000  0.0000  1
213:   0.0000  1.0000  0.0000  0.0000  1
214:   0.0000  0.0000  0.7900  0.2100  1
215:   0.0000  1.0000  0.0000  0.0000  1
216:   0.0000  0.0000  0.2684  0.7316  1
217:   0.0000  1.0000  0.0000  0.0000  1
218:   0.0000  0.0000  0.3920  0.6080  1
219:   0.3911  0.0000  0.0000  0.6088  1
220:   0.1951  0.8049  0.0000  0.0000  1
221:   0.0000  1.0000  0.0000  0.0000  1
222:   0.0000  1.0000  0.0000  0.0000  1
223:   0.9386  0.0602  0.0000  0.0012  1
224:   0.0000  1.0000  0.0000  0.0000  1
225:   0.0000  1.0000  0.0000  0.0000  1
226:   0.0000  0.9995  0.0000  0.0005  1
227:   0.0000  0.9952  0.0000  0.0048  1
228:   0.0686  0.0000  0.9260  0.0054  1
229:   0.0000  0.0000  1.0000  0.0000  1
230:   0.6574  0.3110  0.0000  0.0316  1

  1:   0.0000  1.0000  0.0000  0.0000  1
  2:   1.0000  0.0000  0.0000  0.0000  1
  3:   1.0000  0.0000  0.0000  0.0000  1
  4:   1.0000  0.0000  0.0000  0.0000  1
  5:   1.0000  0.0000  0.0000  0.0000  1
  6:   0.0000  0.0000  0.4783  0.5217  1
  7:   0.0000  0.0000  0.9721  0.0279  1
  8:   0.8805  0.0273  0.0000  0.0922  1
  9:   1.0000  0.0000  0.0000  0.0000  1
 10:   0.0000  0.0000  0.0000  1.0000  1
 11:   1.0000  0.0000  0.0000  0.0000  1
 12:   1.0000  0.0000  0.0000  0.0000  1
 13:   1.0000  0.0000  0.0000  0.0000  1
 14:   0.0000  0.0000  0.5311  0.4689  1
 15:   1.0000  0.0000  0.0000  0.0000  1
 16:   0.0000  0.0000  0.9037  0.0963  1
 17:   1.0000  0.0000  0.0000  0.0000  1
 18:   1.0000  0.0000  0.0000  0.0000  1
 19:   0.0000  0.0000  0.9662  0.0338  1
 20:   1.0000  0.0000  0.0000  0.0000  1
 21:   1.0000  0.0000  0.0000  0.0000  1
 22:   1.0000  0.0000  0.0000  0.0000  1
 23:   0.0000  0.0000  0.7601  0.2399  1
 24:   0.0000  0.0000  0.9994  0.0006  1
 25:   0.9207  0.0793  0.0000  0.0000  1
 26:   0.0000  0.0000  0.0000  1.0000  1
 27:   1.0000  0.0000  0.0000  0.0000  1
 28:   0.0000  0.0000  0.8488  0.1512  1
 29:   1.0000  0.0000  0.0000  0.0000  1
 30:   1.0000  0.0000  0.0000  0.0000  1
 31:   0.0000  1.0000  0.0000  0.0000  1
 32:   0.0000  0.0000  0.0000  1.0000  1
 33:   0.1101  0.0000  0.6774  0.2125  1
 34:   0.0000  0.0000  0.0000  1.0000  1
 35:   0.0286  0.0000  0.9314  0.0400  1
 36:   0.0000  0.0000  0.0000  1.0000  1
 37:   0.0832  0.0000  0.3109  0.6059  1
 38:   1.0000  0.0000  0.0000  0.0000  1
 39:   0.0000  0.0791  0.8225  0.0984  1
 40:   0.9087  0.0000  0.0000  0.0913  1
 41:   1.0000  0.0000  0.0000  0.0000  1
 42:   1.0000  0.0000  0.0000  0.0000  1
 43:   0.9581  0.0138  0.0281  0.0000  1
 44:   0.1491  0.0000  0.1098  0.7411  1
 45:   0.0000  0.0416  0.2170  0.7415  1
 46:   1.0000  0.0000  0.0000  0.0000  1
 47:   0.0000  0.0785  0.9215  0.0000  1
 48:   0.0000  0.0000  0.2484  0.7516  1
 49:   0.0000  0.0478  0.9522  0.0000  1
 50:   0.0000  0.0000  0.5901  0.4099  1
 51:   1.0000  0.0000  0.0000  0.0000  1
 52:   1.0000  0.0000  0.0000  0.0000  1
 53:   0.0000  0.0000  0.0000  1.0000  1
 54:   0.0000  1.0000  0.0000  0.0000  1
 55:   0.0000  0.0000  1.0000  0.0000  1
 56:   0.0000  1.0000  0.0000  0.0000  1
 57:   0.0000  0.0000  0.0000  1.0000  1
 58:   0.0621  0.0000  0.4567  0.4812  1
 59:   0.9990  0.0010  0.0000  0.0000  1
 60:   0.0000  0.0000  0.0945  0.9055  1
 61:   0.0000  0.0000  0.0000  1.0000  1
 62:   1.0000  0.0000  0.0000  0.0000  1
 63:   0.0000  0.0432  0.5280  0.4288  1
 64:   0.0000  0.0000  0.8137  0.1863  1
 65:   0.0000  0.1086  0.0000  0.8914  1
 66:   1.0000  0.0000  0.0000  0.0000  1
 67:   0.0000  0.8949  0.0000  0.1051  1
 68:   0.0000  1.0000  0.0000  0.0000  1
 69:   0.0000  0.0000  0.0000  1.0000  1
 70:   0.0000  0.0000  0.0000  1.0000  1
 71:   1.0000  0.0000  0.0000  0.0000  1
 72:   0.8760  0.1240  0.0000  0.0000  1
 73:   0.9462  0.0000  0.0538  0.0000  1
 74:   0.0000  0.0463  0.0000  0.9537  1
 75:   0.0000  0.0000  0.2386  0.7614  1
 76:   0.0000  0.0000  0.0000  1.0000  1
 77:   0.9447  0.0046  0.0000  0.0507  1
 78:   0.0000  1.0000  0.0000  0.0000  1
 79:   0.0000  0.0000  0.0000  1.0000  1
 80:   1.0000  0.0000  0.0000  0.0000  1
 81:   0.0000  1.0000  0.0000  0.0000  1
 82:   0.0000  0.0000  1.0000  0.0000  1
 83:   0.0758  0.0000  0.7273  0.1969  1
 84:   0.0000  0.0000  0.0000  1.0000  1
 85:   0.0000  0.0000  0.1957  0.8043  1
 86:   0.0000  0.0000  1.0000  0.0000  1
 87:   0.8049  0.0000  0.0000  0.1951  1
 88:   0.0000  0.0000  1.0000  0.0000  1
 89:   0.0000  0.0000  0.0000  1.0000  1
 90:   1.0000  0.0000  0.0000  0.0000  1
 91:   0.0000  0.0000  0.7780  0.2220  1
 92:   0.0000  0.0000  0.7528  0.2472  1
 93:   0.0000  1.0000  0.0000  0.0000  1
 94:   0.0000  1.0000  0.0000  0.0000  1
 95:   0.1311  0.0952  0.7736  0.0000  1
 96:   1.0000  0.0000  0.0000  0.0000  1
 97:   0.1594  0.0000  0.5896  0.2510  1
 98:   0.1342  0.0000  0.4380  0.4278  1
 99:   0.4102  0.0109  0.5788  0.0000  1
100:   0.5097  0.3584  0.0000  0.1319  1
101:   0.8290  0.0000  0.0000  0.1710  1
102:   1.0000  0.0000  0.0000  0.0000  1
103:   0.0000  0.0532  0.6323  0.3145  1
104:   0.5785  0.3280  0.0935  0.0000  1
105:   0.8143  0.0000  0.1133  0.0724  1
106:   1.0000  0.0000  0.0000  0.0000  1
107:   0.8380  0.0000  0.0000  0.1620  1
108:   0.9508  0.0492  0.0000  0.0000  1
109:   0.0000  0.0000  0.3039  0.6961  1
110:   0.9649  0.0351  0.0000  0.0000  1
111:   0.9722  0.0000  0.0278  0.0000  1
112:   0.0000  0.0000  0.8095  0.1905  1
113:   0.1693  0.0000  0.7206  0.1101  1
114:   0.1972  0.0819  0.3592  0.3618  1
115:   0.0414  0.0000  0.6055  0.3531  1
116:   0.5832  0.1799  0.0000  0.2368  1
117:   0.8258  0.1742  0.0000  0.0000  1
118:   0.0000  0.0049  0.9948  0.0002  1
119:   0.8521  0.1479  0.0000  0.0000  1
120:   0.7734  0.2266  0.0000  0.0000  1
121:   0.9698  0.0000  0.0000  0.0302  1
122:   0.8021  0.0000  0.0000  0.1979  1
123:   0.7066  0.2934  0.0000  0.0000  1
124:   0.0000  0.0000  0.2575  0.7425  1
125:   0.0190  0.0000  0.7733  0.2077  1
126:   1.0000  0.0000  0.0000  0.0000  1
127:   0.0000  0.0000  1.0000  0.0000  1
128:   0.0000  1.0000  0.0000  0.0000  1
129:   1.0000  0.0000  0.0000  0.0000  1
130:   0.0000  0.8556  0.1444  0.0000  1
131:   1.0000  0.0000  0.0000  0.0000  1
132:   0.0000  0.0000  0.0000  1.0000  1
133:   0.2164  0.7836  0.0000  0.0000  1
134:   0.1728  0.8272  0.0000  0.0000  1
135:   0.8099  0.0401  0.0000  0.1500  1
136:   0.0000  1.0000  0.0000  0.0000  1
137:   1.0000  0.0000  0.0000  0.0000  1
138:   0.0000  0.0000  0.8300  0.1700  1
139:   0.0000  0.9996  0.0004  0.0000  1
140:   0.8514  0.1165  0.0321  0.0000  1
141:   0.0000  0.0011  0.0000  0.9989  1
142:   0.0000  0.8954  0.1046  0.0000  1
143:   0.5439  0.3950  0.0000  0.0611  1
144:   0.0000  1.0000  0.0000  0.0000  1
145:   0.0000  1.0000  0.0000  0.0000  1
146:   0.0000  0.1223  0.8777  0.0000  1
147:   0.0598  0.0000  0.2985  0.6417  1
148:   0.0000  0.8430  0.0000  0.1570  1
149:   0.6673  0.3327  0.0000  0.0000  1
150:   0.8700  0.0525  0.0000  0.0775  1
151:   0.0283  0.0000  0.9717  0.0000  1
152:   0.6489  0.0858  0.0000  0.2653  1
153:   0.9556  0.0444  0.0000  0.0000  1
154:   0.8273  0.1727  0.0000  0.0000  1
155:   0.8525  0.1160  0.0316  0.0000  1
156:   0.8283  0.1717  0.0000  0.0000  1
157:   0.9243  0.0000  0.0000  0.0757  1
158:   0.0000  0.0000  1.0000  0.0000  1
159:   0.7049  0.0000  0.2672  0.0279  1
160:   0.0000  1.0000  0.0000  0.0000  1
161:   0.2239  0.0000  0.3340  0.4421  1
162:   0.0000  0.0000  0.9425  0.0575  1
163:   0.0000  1.0000  0.0000  0.0000  1
164:   0.0000  1.0000  0.0000  0.0000  1
165:   0.2187  0.0000  0.5255  0.2558  1
166:   1.0000  0.0000  0.0000  0.0000  1
167:   0.5092  0.0000  0.0000  0.4908  1
168:   0.0000  0.1428  0.2272  0.6300  1
169:   0.8617  0.1255  0.0000  0.0128  1
170:   0.1553  0.0000  0.5118  0.3329  1
171:   0.5818  0.0000  0.0000  0.4182  1
172:   0.9395  0.0000  0.0605  0.0000  1
173:   0.0904  0.9096  0.0000  0.0000  1
174:   1.0000  0.0000  0.0000  0.0000  1
175:   0.8447  0.1553  0.0000  0.0000  1
176:   0.5484  0.1598  0.1578  0.1341  1
177:   0.0000  1.0000  0.0000  0.0000  1
178:   0.3964  0.1976  0.0000  0.4059  1
179:   0.8293  0.0000  0.0000  0.1707  1
180:   0.6613  0.0000  0.0000  0.3387  1
181:   0.9233  0.0767  0.0000  0.0000  1
182:   1.0000  0.0000  0.0000  0.0000  1
183:   0.0000  1.0000  0.0000  0.0000  1
184:   0.0004  0.4454  0.4974  0.0569  1
185:   0.9996  0.0004  0.0000  0.0000  1
186:   0.9135  0.0000  0.0000  0.0865  1
187:   0.0690  0.0000  0.0000  0.9310  1
188:   0.0000  0.3165  0.0917  0.5918  1
189:   0.0000  0.0000  0.6410  0.3590  1
190:   0.6306  0.1665  0.0000  0.2028  1
191:   0.0000  1.0000  0.0000  0.0000  1
192:   0.0000  0.0000  0.5365  0.4635  1
193:   0.0000  1.0000  0.0000  0.0000  1
194:   0.4477  0.0132  0.0000  0.5391  1
195:   0.0000  0.0000  0.8550  0.1450  1
196:   1.0000  0.0000  0.0000  0.0000  1
197:   0.0000  0.4431  0.5569  0.0000  1
198:   0.9635  0.0365  0.0000  0.0000  1
199:   0.5034  0.0000  0.0525  0.4441  1
200:   0.1335  0.0000  0.8665  0.0000  1
201:   0.0000  0.2389  0.2135  0.5476  1
202:   0.0000  1.0000  0.0000  0.0000  1
203:   0.0000  1.0000  0.0000  0.0000  1
204:   0.0000  1.0000  0.0000  0.0000  1
205:   0.0000  1.0000  0.0000  0.0000  1
206:   0.1741  0.0000  0.7391  0.0868  1
207:   0.7365  0.0000  0.2635  0.0000  1
208:   0.0000  0.7016  0.2984  0.0000  1
209:   1.0000  0.0000  0.0000  0.0000  1
210:   0.0000  1.0000  0.0000  0.0000  1
211:   0.0000  0.8352  0.0000  0.1648  1
212:   0.0000  0.0000  1.0000  0.0000  1
213:   0.0000  1.0000  0.0000  0.0000  1
214:   0.0000  0.0007  0.7815  0.2178  1
215:   0.0159  0.9841  0.0000  0.0000  1
216:   0.0000  0.0000  0.2691  0.7309  1
217:   0.0000  1.0000  0.0000  0.0000  1
218:   0.0000  0.0000  0.3851  0.6149  1
219:   0.3970  0.0001  0.0000  0.6028  1
220:   0.3156  0.6361  0.0000  0.0482  1
221:   0.0000  1.0000  0.0000  0.0000  1
222:   0.0000  1.0000  0.0000  0.0000  1
223:   0.9334  0.0545  0.0000  0.0121  1
224:   0.0000  1.0000  0.0000  0.0000  1
225:   0.0000  1.0000  0.0000  0.0000  1
226:   0.0000  0.9959  0.0000  0.0041  1
227:   0.0000  0.9974  0.0013  0.0012  1
228:   0.0688  0.0000  0.9272  0.0040  1
229:   0.0037  0.0000  0.9963  0.0000  1
230:   0.6555  0.3127  0.0000  0.0318  1

  1:   0.0000  1.0000  0.0000  0.0000  1
  2:   1.0000  0.0000  0.0000  0.0000  1
  3:   1.0000  0.0000  0.0000  0.0000  1
  4:   1.0000  0.0000  0.0000  0.0000  1
  5:   1.0000  0.0000  0.0000  0.0000  1
  6:   0.0000  0.0000  0.4779  0.5221  1
  7:   0.0000  0.0000  0.9715  0.0285  1
  8:   0.8793  0.0293  0.0000  0.0915  1
  9:   1.0000  0.0000  0.0000  0.0000  1
 10:   0.0000  0.0000  0.0000  1.0000  1
 11:   1.0000  0.0000  0.0000  0.0000  1
 12:   1.0000  0.0000  0.0000  0.0000  1
 13:   1.0000  0.0000  0.0000  0.0000  1
 14:   0.0000  0.0000  0.5308  0.4692  1
 15:   1.0000  0.0000  0.0000  0.0000  1
 16:   0.0000  0.0000  0.9024  0.0976  1
 17:   1.0000  0.0000  0.0000  0.0000  1
 18:   1.0000  0.0000  0.0000  0.0000  1
 19:   0.0000  0.0000  0.9641  0.0359  1
 20:   1.0000  0.0000  0.0000  0.0000  1
 21:   1.0000  0.0000  0.0000  0.0000  1
 22:   1.0000  0.0000  0.0000  0.0000  1
 23:   0.0000  0.0000  0.7589  0.2411  1
 24:   0.0000  0.0000  0.9985  0.0015  1
 25:   0.9207  0.0793  0.0000  0.0000  1
 26:   0.0000  0.0000  0.0000  1.0000  1
 27:   1.0000  0.0000  0.0000  0.0000  1
 28:   0.0000  0.0000  0.8481  0.1519  1
 29:   1.0000  0.0000  0.0000  0.0000  1
 30:   1.0000  0.0000  0.0000  0.0000  1
 31:   0.0000  1.0000  0.0000  0.0000  1
 32:   0.0000  0.0000  0.0000  1.0000  1
 33:   0.1078  0.0000  0.6782  0.2140  1
 34:   0.0000  0.0000  0.0000  1.0000  1
 35:   0.0280  0.0000  0.9302  0.0417  1
 36:   0.0000  0.0000  0.0000  1.0000  1
 37:   0.0833  0.0000  0.3100  0.6067  1
 38:   1.0000  0.0000  0.0000  0.0000  1
 39:   0.0000  0.0782  0.8219  0.0998  1
 40:   0.9087  0.0000  0.0000  0.0913  1
 41:   1.0000  0.0000  0.0000  0.0000  1
 42:   1.0000  0.0000  0.0000  0.0000  1
 43:   0.9580  0.0139  0.0282  0.0000  1
 44:   0.1490  0.0000  0.1102  0.7408  1
 45:   0.0000  0.0415  0.2171  0.7414  1
 46:   1.0000  0.0000  0.0000  0.0000  1
 47:   0.0000  0.0786  0.9214  0.0000  1
 48:   0.0000  0.0000  0.2481  0.7519  1
 49:   0.0000  0.0477  0.9523  0.0000  1
 50:   0.0000  0.0000  0.5897  0.4103  1
 51:   1.0000  0.0000  0.0000  0.0000  1
 52:   1.0000  0.0000  0.0000  0.0000  1
 53:   0.0000  0.0000  0.0000  1.0000  1
 54:   0.0000  1.0000  0.0000  0.0000  1
 55:   0.0000  0.0000  1.0000  0.0000  1
 56:   0.0000  1.0000  0.0000  0.0000  1
 57:   0.0000  0.0000  0.0000  1.0000  1
 58:   0.0615  0.0000  0.4567  0.4818  1
 59:   0.9990  0.0010  0.0000  0.0000  1
 60:   0.0000  0.0000  0.0945  0.9055  1
 61:   0.0000  0.0000  0.0000  1.0000  1
 62:   1.0000  0.0000  0.0000  0.0000  1
 63:   0.0000  0.0433  0.5271  0.4296  1
 64:   0.0000  0.0000  0.8135  0.1865  1
 65:   0.0000  0.1086  0.0000  0.8914  1
 66:   1.0000  0.0000  0.0000  0.0000  1
 67:   0.0000  0.8947  0.0000  0.1053  1
 68:   0.0000  1.0000  0.0000  0.0000  1
 69:   0.0000  0.0000  0.0000  1.0000  1
 70:   0.0000  0.0000  0.0000  1.0000  1
 71:   1.0000  0.0000  0.0000  0.0000  1
 72:   0.8760  0.1240  0.0000  0.0000  1
 73:   0.9461  0.0000  0.0539  0.0000  1
 74:   0.0000  0.0464  0.0000  0.9536  1
 75:   0.0000  0.0000  0.2381  0.7619  1
 76:   0.0000  0.0000  0.0000  1.0000  1
 77:   0.9446  0.0051  0.0000  0.0502  1
 78:   0.0000  1.0000  0.0000  0.0000  1
 79:   0.0000  0.0000  0.0000  1.0000  1
 80:   1.0000  0.0000  0.0000  0.0000  1
 81:   0.0000  1.0000  0.0000  0.0000  1
 82:   0.0000  0.0000  1.0000  0.0000  1
 83:   0.0716  0.0000  0.7318  0.1966  1
 84:   0.0000  0.0000  0.0000  1.0000  1
 85:   0.0000  0.0000  0.1957  0.8043  1
 86:   0.0000  0.0000  1.0000  0.0000  1
 87:   0.8050  0.0000  0.0000  0.1950  1
 88:   0.0000  0.0000  1.0000  0.0000  1
 89:   0.0000  0.0000  0.0000  1.0000  1
 90:   1.0000  0.0000  0.0000  0.0000  1
 91:   0.0000  0.0000  0.7774  0.2226  1
 92:   0.0000  0.0000  0.7511  0.2489  1
 93:   0.0000  1.0000  0.0000  0.0000  1
 94:   0.0000  1.0000  0.0000  0.0000  1
 95:   0.1306  0.0950  0.7744  0.0000  1
 96:   1.0000  0.0000  0.0000  0.0000  1
 97:   0.1595  0.0000  0.5884  0.2521  1
 98:   0.1339  0.0000  0.4380  0.4281  1
 99:   0.4093  0.0110  0.5797  0.0000  1
100:   0.5099  0.3578  0.0000  0.1323  1
101:   0.8291  0.0000  0.0000  0.1709  1
102:   1.0000  0.0000  0.0000  0.0000  1
103:   0.0000  0.0525  0.6308  0.3167  1
104:   0.5775  0.3286  0.0939  0.0000  1
105:   0.8144  0.0000  0.1122  0.0734  1
106:   1.0000  0.0000  0.0000  0.0000  1
107:   0.8379  0.0000  0.0000  0.1621  1
108:   0.9508  0.0492  0.0000  0.0000  1
109:   0.0000  0.0000  0.3039  0.6961  1
110:   0.9649  0.0351  0.0000  0.0000  1
111:   0.9722  0.0000  0.0277  0.0001  1
112:   0.0000  0.0000  0.8096  0.1904  1
113:   0.1674  0.0000  0.7201  0.1124  1
114:   0.1966  0.0819  0.3601  0.3614  1
115:   0.0411  0.0000  0.6048  0.3540  1
116:   0.5832  0.1800  0.0000  0.2367  1
117:   0.8259  0.1741  0.0000  0.0000  1
118:   0.0000  0.0037  0.9953  0.0010  1
119:   0.8523  0.1477  0.0000  0.0000  1
120:   0.7734  0.2266  0.0000  0.0000  1
121:   0.9698  0.0000  0.0000  0.0302  1
122:   0.8020  0.0000  0.0000  0.1980  1
123:   0.7068  0.2932  0.0000  0.0000  1
124:   0.0000  0.0000  0.2578  0.7422  1
125:   0.0149  0.0000  0.7753  0.2098  1
126:   1.0000  0.0000  0.0000  0.0000  1
127:   0.0000  0.0000  1.0000  0.0000  1
128:   0.0000  1.0000  0.0000  0.0000  1
129:   1.0000  0.0000  0.0000  0.0000  1
130:   0.0000  0.8556  0.1444  0.0000  1
131:   1.0000  0.0000  0.0000  0.0000  1
132:   0.0000  0.0000  0.0000  1.0000  1
133:   0.2165  0.7835  0.0000  0.0000  1
134:   0.1728  0.8272  0.0000  0.0000  1
135:   0.8099  0.0401  0.0000  0.1500  1
136:   0.0000  1.0000  0.0000  0.0000  1
137:   1.0000  0.0000  0.0000  0.0000  1
138:   0.0000  0.0000  0.8279  0.1721  1
139:   0.0000  0.9993  0.0007  0.0000  1
140:   0.8507  0.1163  0.0330  0.0000  1
141:   0.0000  0.0006  0.0000  0.9994  1
142:   0.0000  0.8951  0.1049  0.0000  1
143:   0.5440  0.3949  0.0000  0.0611  1
144:   0.0000  1.0000  0.0000  0.0000  1
145:   0.0000  1.0000  0.0000  0.0000  1
146:   0.0000  0.1213  0.8787  0.0000  1
147:   0.0591  0.0000  0.2983  0.6426  1
148:   0.0000  0.8424  0.0000  0.1576  1
149:   0.6667  0.3333  0.0000  0.0000  1
150:   0.8675  0.0562  0.0000  0.0764  1
151:   0.0000  0.0000  1.0000  0.0000  1
152:   0.6486  0.0851  0.0000  0.2663  1
153:   0.9556  0.0444  0.0000  0.0000  1
154:   0.8271  0.1729  0.0000  0.0000  1
155:   0.8525  0.1159  0.0316  0.0000  1
156:   0.8279  0.1721  0.0000  0.0000  1
157:   0.9245  0.0000  0.0000  0.0755  1
158:   0.0000  0.0000  1.0000  0.0000  1
159:   0.7046  0.0000  0.2676  0.0278  1
160:   0.0000  1.0000  0.0000  0.0000  1
161:   0.2227  0.0000  0.3348  0.4425  1
162:   0.0000  0.0000  0.9426  0.0574  1
163:   0.0000  1.0000  0.0000  0.0000  1
164:   0.0000  1.0000  0.0000  0.0000  1
165:   0.2179  0.0000  0.5260  0.2561  1
166:   1.0000  0.0000  0.0000  0.0000  1
167:   0.5093  0.0000  0.0000  0.4907  1
168:   0.0000  0.1434  0.2279  0.6287  1
169:   0.8617  0.1251  0.0000  0.0131  1
170:   0.1551  0.0000  0.5114  0.3334  1
171:   0.5813  0.0000  0.0000  0.4187  1
172:   0.9394  0.0000  0.0606  0.0000  1
173:   0.0904  0.9096  0.0000  0.0000  1
174:   1.0000  0.0000  0.0000  0.0000  1
175:   0.8448  0.1552  0.0000  0.0000  1
176:   0.5481  0.1598  0.1578  0.1344  1
177:   0.0000  1.0000  0.0000  0.0000  1
178:   0.3963  0.1975  0.0000  0.4062  1
179:   0.8292  0.0000  0.0000  0.1708  1
180:   0.6611  0.0000  0.0000  0.3389  1
181:   0.9236  0.0764  0.0000  0.0000  1
182:   1.0000  0.0000  0.0000  0.0000  1
183:   0.0000  1.0000  0.0000  0.0000  1
184:   0.0000  0.4447  0.4958  0.0596  1
185:   0.9998  0.0002  0.0000  0.0000  1
186:   0.9135  0.0000  0.0000  0.0865  1
187:   0.0690  0.0000  0.0000  0.9310  1
188:   0.0000  0.3169  0.0914  0.5917  1
189:   0.0000  0.0000  0.6401  0.3599  1
190:   0.6299  0.1674  0.0000  0.2027  1
191:   0.0000  1.0000  0.0000  0.0000  1
192:   0.0000  0.0000  0.5356  0.4644  1
193:   0.0000  1.0000  0.0000  0.0000  1
194:   0.4476  0.0137  0.0000  0.5387  1
195:   0.0000  0.0000  0.8550  0.1450  1
196:   1.0000  0.0000  0.0000  0.0000  1
197:   0.0000  0.4429  0.5571  0.0000  1
198:   0.9635  0.0365  0.0000  0.0000  1
199:   0.5154  0.0000  0.0375  0.4471  1
200:   0.1329  0.0000  0.8671  0.0000  1
201:   0.0000  0.2393  0.2144  0.5463  1
202:   0.0000  1.0000  0.0000  0.0000  1
203:   0.0000  1.0000  0.0000  0.0000  1
204:   0.0000  1.0000  0.0000  0.0000  1
205:   0.0000  1.0000  0.0000  0.0000  1
206:   0.1734  0.0000  0.7302  0.0964  1
207:   0.7361  0.0000  0.2639  0.0000  1
208:   0.0000  0.7006  0.2994  0.0000  1
209:   1.0000  0.0000  0.0000  0.0000  1
210:   0.0000  1.0000  0.0000  0.0000  1
211:   0.0000  0.8353  0.0000  0.1647  1
212:   0.0000  0.0000  1.0000  0.0000  1
213:   0.0000  1.0000  0.0000  0.0000  1
214:   0.0000  0.0003  0.7821  0.2176  1
215:   0.0000  1.0000  0.0000  0.0000  1
216:   0.0000  0.0000  0.2680  0.7320  1
217:   0.0000  1.0000  0.0000  0.0000  1
218:   0.0000  0.0000  0.3821  0.6179  1
219:   0.3968  0.0001  0.0000  0.6032  1
220:   0.3157  0.6373  0.0000  0.0469  1
221:   0.0000  1.0000  0.0000  0.0000  1
222:   0.0000  1.0000  0.0000  0.0000  1
223:   0.9339  0.0537  0.0000  0.0124  1
224:   0.0000  1.0000  0.0000  0.0000  1
225:   0.0000  1.0000  0.0000  0.0000  1
226:   0.0000  0.9997  0.0000  0.0003  1
227:   0.0000  0.9953  0.0000  0.0047  1
228:   0.0662  0.0000  0.9214  0.0124  1
229:   0.0000  0.0000  1.0000  0.0000  1
230:   0.6569  0.3112  0.0000  0.0318  1

  1:   0.0000  1.0000  0.0000  0.0000  1
  2:   1.0000  0.0000  0.0000  0.0000  1
  3:   1.0000  0.0000  0.0000  0.0000  1
  4:   1.0000  0.0000  0.0000  0.0000  1
  5:   1.0000  0.0000  0.0000  0.0000  1
  6:   0.0000  0.0000  0.4779  0.5221  1
  7:   0.0000  0.0000  0.9715  0.0285  1
  8:   0.8793  0.0293  0.0000  0.0915  1
  9:   1.0000  0.0000  0.0000  0.0000  1
 10:   0.0000  0.0000  0.0000  1.0000  1
 11:   1.0000  0.0000  0.0000  0.0000  1
 12:   1.0000  0.0000  0.0000  0.0000  1
 13:   1.0000  0.0000  0.0000  0.0000  1
 14:   0.0000  0.0000  0.5308  0.4692  1
 15:   1.0000  0.0000  0.0000  0.0000  1
 16:   0.0000  0.0000  0.9024  0.0976  1
 17:   1.0000  0.0000  0.0000  0.0000  1
 18:   1.0000  0.0000  0.0000  0.0000  1
 19:   0.0000  0.0000  0.9641  0.0359  1
 20:   1.0000  0.0000  0.0000  0.0000  1
 21:   1.0000  0.0000  0.0000  0.0000  1
 22:   1.0000  0.0000  0.0000  0.0000  1
 23:   0.0000  0.0000  0.7589  0.2411  1
 24:   0.0000  0.0000  0.9985  0.0015  1
 25:   0.9207  0.0793  0.0000  0.0000  1
 26:   0.0000  0.0000  0.0000  1.0000  1
 27:   1.0000  0.0000  0.0000  0.0000  1
 28:   0.0000  0.0000  0.8481  0.1519  1
 29:   1.0000  0.0000  0.0000  0.0000  1
 30:   1.0000  0.0000  0.0000  0.0000  1
 31:   0.0000  1.0000  0.0000  0.0000  1
 32:   0.0000  0.0000  0.0000  1.0000  1
 33:   0.1078  0.0000  0.6782  0.2140  1
 34:   0.0000  0.0000  0.0000  1.0000  1
 35:   0.0280  0.0000  0.9302  0.0417  1
 36:   0.0000  0.0000  0.0000  1.0000  1
 37:   0.0833  0.0000  0.3100  0.6067  1
 38:   1.0000  0.0000  0.0000  0.0000  1
 39:   0.0000  0.0782  0.8219  0.0998  1
 40:   0.9087  0.0000  0.0000  0.0913  1
 41:   1.0000  0.0000  0.0000  0.0000  1
 42:   1.0000  0.0000  0.0000  0.0000  1
 43:   0.9580  0.0139  0.0282  0.0000  1
 44:   0.1490  0.0000  0.1102  0.7408  1
 45:   0.0000  0.0415  0.2171  0.7414  1
 46:   1.0000  0.0000  0.0000  0.0000  1
 47:   0.0000  0.0786  0.9214  0.0000  1
 48:   0.0000  0.0000  0.2481  0.7519  1
 49:   0.0000  0.0477  0.9523  0.0000  1
 50:   0.0000  0.0000  0.5897  0.4103  1
 51:   1.0000  0.0000  0.0000  0.0000  1
 52:   1.0000  0.0000  0.0000  0.0000  1
 53:   0.0000  0.0000  0.0000  1.0000  1
 54:   0.0000  1.0000  0.0000  0.0000  1
 55:   0.0000  0.0000  1.0000  0.0000  1
 56:   0.0000  1.0000  0.0000  0.0000  1
 57:   0.0000  0.0000  0.0000  1.0000  1
 58:   0.0615  0.0000  0.4567  0.4818  1
 59:   0.9990  0.0010  0.0000  0.0000  1
 60:   0.0000  0.0000  0.0945  0.9055  1
 61:   0.0000  0.0000  0.0000  1.0000  1
 62:   1.0000  0.0000  0.0000  0.0000  1
 63:   0.0000  0.0433  0.5271  0.4296  1
 64:   0.0000  0.0000  0.8135  0.1865  1
 65:   0.0000  0.1086  0.0000  0.8914  1
 66:   1.0000  0.0000  0.0000  0.0000  1
 67:   0.0000  0.8947  0.0000  0.1053  1
 68:   0.0000  1.0000  0.0000  0.0000  1
 69:   0.0000  0.0000  0.0000  1.0000  1
 70:   0.0000  0.0000  0.0000  1.0000  1
 71:   1.0000  0.0000  0.0000  0.0000  1
 72:   0.8760  0.1240  0.0000  0.0000  1
 73:   0.9461  0.0000  0.0539  0.0000  1
 74:   0.0000  0.0464  0.0000  0.9536  1
 75:   0.0000  0.0000  0.2381  0.7619  1
 76:   0.0000  0.0000  0.0000  1.0000  1
 77:   0.9446  0.0051  0.0000  0.0502  1
 78:   0.0000  1.0000  0.0000  0.0000  1
 79:   0.0000  0.0000  0.0000  1.0000  1
 80:   1.0000  0.0000  0.0000  0.0000  1
 81:   0.0000  1.0000  0.0000  0.0000  1
 82:   0.0000  0.0000  1.0000  0.0000  1
 83:   0.0716  0.0000  0.7318  0.1966  1
 84:   0.0000  0.0000  0.0000  1.0000  1
 85:   0.0000  0.0000  0.1957  0.8043  1
 86:   0.0000  0.0000  1.0000  0.0000  1
 87:   0.8050  0.0000  0.0000  0.1950  1
 88:   0.0000  0.0000  1.0000  0.0000  1
 89:   0.0000  0.0000  0.0000  1.0000  1
 90:   1.0000  0.0000  0.0000  0.0000  1
 91:   0.0000  0.0000  0.7774  0.2226  1
 92:   0.0000  0.0000  0.7511  0.2489  1
 93:   0.0000  1.0000  0.0000  0.0000  1
 94:   0.0000  1.0000  0.0000  0.0000  1
 95:   0.1306  0.0950  0.7744  0.0000  1
 96:   1.0000  0.0000  0.0000  0.0000  1
 97:   0.1595  0.0000  0.5884  0.2521  1
 98:   0.1339  0.0000  0.4380  0.4281  1
 99:   0.4093  0.0110  0.5797  0.0000  1
100:   0.5099  0.3578  0.0000  0.1323  1
101:   0.8291  0.0000  0.0000  0.1709  1
102:   1.0000  0.0000  0.0000  0.0000  1
103:   0.0000  0.0525  0.6308  0.3167  1
104:   0.5775  0.3286  0.0939  0.0000  1
105:   0.8144  0.0000  0.1122  0.0734  1
106:   1.0000  0.0000  0.0000  0.0000  1
107:   0.8379  0.0000  0.0000  0.1621  1
108:   0.9508  0.0492  0.0000  0.0000  1
109:   0.0000  0.0000  0.3039  0.6961  1
110:   0.9649  0.0351  0.0000  0.0000  1
111:   0.9722  0.0000  0.0277  0.0001  1
112:   0.0000  0.0000  0.8096  0.1904  1
113:   0.1674  0.0000  0.7201  0.1124  1
114:   0.1966  0.0819  0.3601  0.3614  1
115:   0.0411  0.0000  0.6048  0.3540  1
116:   0.5832  0.1800  0.0000  0.2367  1
117:   0.8259  0.1741  0.0000  0.0000  1
118:   0.0000  0.0037  0.9953  0.0010  1
119:   0.8523  0.1477  0.0000  0.0000  1
120:   0.7734  0.2266  0.0000  0.0000  1
121:   0.9698  0.0000  0.0000  0.0302  1
122:   0.8020  0.0000  0.0000  0.1980  1
123:   0.7068  0.2932  0.0000  0.0000  1
124:   0.0000  0.0000  0.2578  0.7422  1
125:   0.0149  0.0000  0.7753  0.2098  1
126:   1.0000  0.0000  0.0000  0.0000  1
127:   0.0000  0.0000  1.0000  0.0000  1
128:   0.0000  1.0000  0.0000  0.0000  1
129:   1.0000  0.0000  0.0000  0.0000  1
130:   0.0000  0.8556  0.1444  0.0000  1
131:   1.0000  0.0000  0.0000  0.0000  1
132:   0.0000  0.0000  0.0000  1.0000  1
133:   0.2165  0.7835  0.0000  0.0000  1
134:   0.1728  0.8272  0.0000  0.0000  1
135:   0.8099  0.0401  0.0000  0.1500  1
136:   0.0000  1.0000  0.0000  0.0000  1
137:   1.0000  0.0000  0.0000  0.0000  1
138:   0.0000  0.0000  0.8279  0.1721  1
139:   0.0000  0.9993  0.0007  0.0000  1
140:   0.8507  0.1163  0.0330  0.0000  1
141:   0.0000  0.0006  0.0000  0.9994  1
142:   0.0000  0.8951  0.1049  0.0000  1
143:   0.5440  0.3949  0.0000  0.0611  1
144:   0.0000  1.0000  0.0000  0.0000  1
145:   0.0000  1.0000  0.0000  0.0000  1
146:   0.0000  0.1213  0.8787  0.0000  1
147:   0.0591  0.0000  0.2983  0.6426  1
148:   0.0000  0.8424  0.0000  0.1576  1
149:   0.6667  0.3333  0.0000  0.0000  1
150:   0.8675  0.0562  0.0000  0.0764  1
151:   0.0000  0.0000  1.0000  0.0000  1
152:   0.6486  0.0851  0.0000  0.2663  1
153:   0.9556  0.0444  0.0000  0.0000  1
154:   0.8271  0.1729  0.0000  0.0000  1
155:   0.8525  0.1159  0.0316  0.0000  1
156:   0.8279  0.1721  0.0000  0.0000  1
157:   0.9245  0.0000  0.0000  0.0755  1
158:   0.0000  0.0000  1.0000  0.0000  1
159:   0.7046  0.0000  0.2676  0.0278  1
160:   0.0000  1.0000  0.0000  0.0000  1
161:   0.2227  0.0000  0.3348  0.4425  1
162:   0.0000  0.0000  0.9426  0.0574  1
163:   0.0000  1.0000  0.0000  0.0000  1
164:   0.0000  1.0000  0.0000  0.0000  1
165:   0.2179  0.0000  0.5260  0.2561  1
166:   1.0000  0.0000  0.0000  0.0000  1
167:   0.5093  0.0000  0.0000  0.4907  1
168:   0.0000  0.1434  0.2279  0.6287  1
169:   0.8617  0.1251  0.0000  0.0131  1
170:   0.1551  0.0000  0.5114  0.3334  1
171:   0.5813  0.0000  0.0000  0.4187  1
172:   0.9394  0.0000  0.0606  0.0000  1
173:   0.0904  0.9096  0.0000  0.0000  1
174:   1.0000  0.0000  0.0000  0.0000  1
175:   0.8448  0.1552  0.0000  0.0000  1
176:   0.5481  0.1598  0.1578  0.1344  1
177:   0.0000  1.0000  0.0000  0.0000  1
178:   0.3963  0.1975  0.0000  0.4062  1
179:   0.8292  0.0000  0.0000  0.1708  1
180:   0.6611  0.0000  0.0000  0.3389  1
181:   0.9236  0.0764  0.0000  0.0000  1
182:   1.0000  0.0000  0.0000  0.0000  1
183:   0.0000  1.0000  0.0000  0.0000  1
184:   0.0000  0.4447  0.4958  0.0596  1
185:   0.9998  0.0002  0.0000  0.0000  1
186:   0.9135  0.0000  0.0000  0.0865  1
187:   0.0690  0.0000  0.0000  0.9310  1
188:   0.0000  0.3169  0.0914  0.5917  1
189:   0.0000  0.0000  0.6401  0.3599  1
190:   0.6299  0.1674  0.0000  0.2027  1
191:   0.0000  1.0000  0.0000  0.0000  1
192:   0.0000  0.0000  0.5356  0.4644  1
193:   0.0000  1.0000  0.0000  0.0000  1
194:   0.4476  0.0137  0.0000  0.5387  1
195:   0.0000  0.0000  0.8550  0.1450  1
196:   1.0000  0.0000  0.0000  0.0000  1
197:   0.0000  0.4429  0.5571  0.0000  1
198:   0.9635  0.0365  0.0000  0.0000  1
199:   0.5154  0.0000  0.0375  0.4471  1
200:   0.1329  0.0000  0.8671  0.0000  1
201:   0.0000  0.2393  0.2144  0.5463  1
202:   0.0000  1.0000  0.0000  0.0000  1
203:   0.0000  1.0000  0.0000  0.0000  1
204:   0.0000  1.0000  0.0000  0.0000  1
205:   0.0000  1.0000  0.0000  0.0000  1
206:   0.1734  0.0000  0.7302  0.0964  1
207:   0.7361  0.0000  0.2639  0.0000  1
208:   0.0000  0.7006  0.2994  0.0000  1
209:   1.0000  0.0000  0.0000  0.0000  1
210:   0.0000  1.0000  0.0000  0.0000  1
211:   0.0000  0.8353  0.0000  0.1647  1
212:   0.0000  0.0000  1.0000  0.0000  1
213:   0.0000  1.0000  0.0000  0.0000  1
214:   0.0000  0.0003  0.7821  0.2176  1
215:   0.0000  1.0000  0.0000  0.0000  1
216:   0.0000  0.0000  0.2680  0.7320  1
217:   0.0000  1.0000  0.0000  0.0000  1
218:   0.0000  0.0000  0.3821  0.6179  1
219:   0.3968  0.0001  0.0000  0.6032  1
220:   0.3157  0.6373  0.0000  0.0469  1
221:   0.0000  1.0000  0.0000  0.0000  1
222:   0.0000  1.0000  0.0000  0.0000  1
223:   0.9339  0.0537  0.0000  0.0124  1
224:   0.0000  1.0000  0.0000  0.0000  1
225:   0.0000  1.0000  0.0000  0.0000  1
226:   0.0000  0.9997  0.0000  0.0003  1
227:   0.0000  0.9953  0.0000  0.0047  1
228:   0.0662  0.0000  0.9214  0.0124  1
229:   0.0000  0.0000  1.0000  0.0000  1
230:   0.6569  0.3112  0.0000  0.0318  1

  1:   0.0000  1.0000  0.0000  0.0000  1
  2:   1.0000  0.0000  0.0000  0.0000  1
  3:   1.0000  0.0000  0.0000  0.0000  1
  4:   1.0000  0.0000  0.0000  0.0000  1
  5:   1.0000  0.0000  0.0000  0.0000  1
  6:   0.0000  0.0000  0.4779  0.5221  1
  7:   0.0000  0.0000  0.9715  0.0285  1
  8:   0.8793  0.0293  0.0000  0.0915  1
  9:   1.0000  0.0000  0.0000  0.0000  1
 10:   0.0000  0.0000  0.0000  1.0000  1
 11:   1.0000  0.0000  0.0000  0.0000  1
 12:   1.0000  0.0000  0.0000  0.0000  1
 13:   1.0000  0.0000  0.0000  0.0000  1
 14:   0.0000  0.0000  0.5308  0.4692  1
 15:   1.0000  0.0000  0.0000  0.0000  1
 16:   0.0000  0.0000  0.9024  0.0976  1
 17:   1.0000  0.0000  0.0000  0.0000  1
 18:   1.0000  0.0000  0.0000  0.0000  1
 19:   0.0000  0.0000  0.9641  0.0359  1
 20:   1.0000  0.0000  0.0000  0.0000  1
 21:   1.0000  0.0000  0.0000  0.0000  1
 22:   1.0000  0.0000  0.0000  0.0000  1
 23:   0.0000  0.0000  0.7589  0.2411  1
 24:   0.0000  0.0000  0.9985  0.0015  1
 25:   0.9207  0.0793  0.0000  0.0000  1
 26:   0.0000  0.0000  0.0000  1.0000  1
 27:   1.0000  0.0000  0.0000  0.0000  1
 28:   0.0000  0.0000  0.8481  0.1519  1
 29:   1.0000  0.0000  0.0000  0.0000  1
 30:   1.0000  0.0000  0.0000  0.0000  1
 31:   0.0000  1.0000  0.0000  0.0000  1
 32:   0.0000  0.0000  0.0000  1.0000  1
 33:   0.1078  0.0000  0.6782  0.2140  1
 34:   0.0000  0.0000  0.0000  1.0000  1
 35:   0.0280  0.0000  0.9302  0.0417  1
 36:   0.0000  0.0000  0.0000  1.0000  1
 37:   0.0833  0.0000  0.3100  0.6067  1
 38:   1.0000  0.0000  0.0000  0.0000  1
 39:   0.0000  0.0782  0.8219  0.0998  1
 40:   0.9087  0.0000  0.0000  0.0913  1
 41:   1.0000  0.0000  0.0000  0.0000  1
 42:   1.0000  0.0000  0.0000  0.0000  1
 43:   0.9580  0.0139  0.0282  0.0000  1
 44:   0.1490  0.0000  0.1102  0.7408  1
 45:   0.0000  0.0415  0.2171  0.7414  1
 46:   1.0000  0.0000  0.0000  0.0000  1
 47:   0.0000  0.0786  0.9214  0.0000  1
 48:   0.0000  0.0000  0.2481  0.7519  1
 49:   0.0000  0.0477  0.9523  0.0000  1
 50:   0.0000  0.0000  0.5897  0.4103  1
 51:   1.0000  0.0000  0.0000  0.0000  1
 52:   1.0000  0.0000  0.0000  0.0000  1
 53:   0.0000  0.0000  0.0000  1.0000  1
 54:   0.0000  1.0000  0.0000  0.0000  1
 55:   0.0000  0.0000  1.0000  0.0000  1
 56:   0.0000  1.0000  0.0000  0.0000  1
 57:   0.0000  0.0000  0.0000  1.0000  1
 58:   0.0615  0.0000  0.4567  0.4818  1
 59:   0.9990  0.0010  0.0000  0.0000  1
 60:   0.0000  0.0000  0.0945  0.9055  1
 61:   0.0000  0.0000  0.0000  1.0000  1
 62:   1.0000  0.0000  0.0000  0.0000  1
 63:   0.0000  0.0433  0.5271  0.4296  1
 64:   0.0000  0.0000  0.8135  0.1865  1
 65:   0.0000  0.1086  0.0000  0.8914  1
 66:   1.0000  0.0000  0.0000  0.0000  1
 67:   0.0000  0.8947  0.0000  0.1053  1
 68:   0.0000  1.0000  0.0000  0.0000  1
 69:   0.0000  0.0000  0.0000  1.0000  1
 70:   0.0000  0.0000  0.0000  1.0000  1
 71:   1.0000  0.0000  0.0000  0.0000  1
 72:   0.8760  0.1240  0.0000  0.0000  1
 73:   0.9461  0.0000  0.0539  0.0000  1
 74:   0.0000  0.0464  0.0000  0.9536  1
 75:   0.0000  0.0000  0.2381  0.7619  1
 76:   0.0000  0.0000  0.0000  1.0000  1
 77:   0.9446  0.0051  0.0000  0.0502  1
 78:   0.0000  1.0000  0.0000  0.0000  1
 79:   0.0000  0.0000  0.0000  1.0000  1
 80:   1.0000  0.0000  0.0000  0.0000  1
 81:   0.0000  1.0000  0.0000  0.0000  1
 82:   0.0000  0.0000  1.0000  0.0000  1
 83:   0.0716  0.0000  0.7318  0.1966  1
 84:   0.0000  0.0000  0.0000  1.0000  1
 85:   0.0000  0.0000  0.1957  0.8043  1
 86:   0.0000  0.0000  1.0000  0.0000  1
 87:   0.8050  0.0000  0.0000  0.1950  1
 88:   0.0000  0.0000  1.0000  0.0000  1
 89:   0.0000  0.0000  0.0000  1.0000  1
 90:   1.0000  0.0000  0.0000  0.0000  1
 91:   0.0000  0.0000  0.7774  0.2226  1
 92:   0.0000  0.0000  0.7511  0.2489  1
 93:   0.0000  1.0000  0.0000  0.0000  1
 94:   0.0000  1.0000  0.0000  0.0000  1
 95:   0.1306  0.0950  0.7744  0.0000  1
 96:   1.0000  0.0000  0.0000  0.0000  1
 97:   0.1595  0.0000  0.5884  0.2521  1
 98:   0.1339  0.0000  0.4380  0.4281  1
 99:   0.4093  0.0110  0.5797  0.0000  1
100:   0.5099  0.3578  0.0000  0.1323  1
101:   0.8291  0.0000  0.0000  0.1709  1
102:   1.0000  0.0000  0.0000  0.0000  1
103:   0.0000  0.0525  0.6308  0.3167  1
104:   0.5775  0.3286  0.0939  0.0000  1
105:   0.8144  0.0000  0.1122  0.0734  1
106:   1.0000  0.0000  0.0000  0.0000  1
107:   0.8379  0.0000  0.0000  0.1621  1
108:   0.9508  0.0492  0.0000  0.0000  1
109:   0.0000  0.0000  0.3039  0.6961  1
110:   0.9649  0.0351  0.0000  0.0000  1
111:   0.9722  0.0000  0.0277  0.0001  1
112:   0.0000  0.0000  0.8096  0.1904  1
113:   0.1674  0.0000  0.7201  0.1124  1
114:   0.1966  0.0819  0.3601  0.3614  1
115:   0.0411  0.0000  0.6048  0.3540  1
116:   0.5832  0.1800  0.0000  0.2367  1
117:   0.8259  0.1741  0.0000  0.0000  1
118:   0.0000  0.0037  0.9953  0.0010  1
119:   0.8523  0.1477  0.0000  0.0000  1
120:   0.7734  0.2266  0.0000  0.0000  1
121:   0.9698  0.0000  0.0000  0.0302  1
122:   0.8020  0.0000  0.0000  0.1980  1
123:   0.7068  0.2932  0.0000  0.0000  1
124:   0.0000  0.0000  0.2578  0.7422  1
125:   0.0149  0.0000  0.7753  0.2098  1
126:   1.0000  0.0000  0.0000  0.0000  1
127:   0.0000  0.0000  1.0000  0.0000  1
128:   0.0000  1.0000  0.0000  0.0000  1
129:   1.0000  0.0000  0.0000  0.0000  1
130:   0.0000  0.8556  0.1444  0.0000  1
131:   1.0000  0.0000  0.0000  0.0000  1
132:   0.0000  0.0000  0.0000  1.0000  1
133:   0.2165  0.7835  0.0000  0.0000  1
134:   0.1728  0.8272  0.0000  0.0000  1
135:   0.8099  0.0401  0.0000  0.1500  1
136:   0.0000  1.0000  0.0000  0.0000  1
137:   1.0000  0.0000  0.0000  0.0000  1
138:   0.0000  0.0000  0.8279  0.1721  1
139:   0.0000  0.9993  0.0007  0.0000  1
140:   0.8507  0.1163  0.0330  0.0000  1
141:   0.0000  0.0006  0.0000  0.9994  1
142:   0.0000  0.8951  0.1049  0.0000  1
143:   0.5440  0.3949  0.0000  0.0611  1
144:   0.0000  1.0000  0.0000  0.0000  1
145:   0.0000  1.0000  0.0000  0.0000  1
146:   0.0000  0.1213  0.8787  0.0000  1
147:   0.0591  0.0000  0.2983  0.6426  1
148:   0.0000  0.8424  0.0000  0.1576  1
149:   0.6667  0.3333  0.0000  0.0000  1
150:   0.8675  0.0562  0.0000  0.0764  1
151:   0.0000  0.0000  1.0000  0.0000  1
152:   0.6486  0.0851  0.0000  0.2663  1
153:   0.9556  0.0444  0.0000  0.0000  1
154:   0.8271  0.1729  0.0000  0.0000  1
155:   0.8525  0.1159  0.0316  0.0000  1
156:   0.8279  0.1721  0.0000  0.0000  1
157:   0.9245  0.0000  0.0000  0.0755  1
158:   0.0000  0.0000  1.0000  0.0000  1
159:   0.7046  0.0000  0.2676  0.0278  1
160:   0.0000  1.0000  0.0000  0.0000  1
161:   0.2227  0.0000  0.3348  0.4425  1
162:   0.0000  0.0000  0.9426  0.0574  1
163:   0.0000  1.0000  0.0000  0.0000  1
164:   0.0000  1.0000  0.0000  0.0000  1
165:   0.2179  0.0000  0.5260  0.2561  1
166:   1.0000  0.0000  0.0000  0.0000  1
167:   0.5093  0.0000  0.0000  0.4907  1
168:   0.0000  0.1434  0.2279  0.6287  1
169:   0.8617  0.1251  0.0000  0.0131  1
170:   0.1551  0.0000  0.5114  0.3334  1
171:   0.5813  0.0000  0.0000  0.4187  1
172:   0.9394  0.0000  0.0606  0.0000  1
173:   0.0904  0.9096  0.0000  0.0000  1
174:   1.0000  0.0000  0.0000  0.0000  1
175:   0.8448  0.1552  0.0000  0.0000  1
176:   0.5481  0.1598  0.1578  0.1344  1
177:   0.0000  1.0000  0.0000  0.0000  1
178:   0.3963  0.1975  0.0000  0.4062  1
179:   0.8292  0.0000  0.0000  0.1708  1
180:   0.6611  0.0000  0.0000  0.3389  1
181:   0.9236  0.0764  0.0000  0.0000  1
182:   1.0000  0.0000  0.0000  0.0000  1
183:   0.0000  1.0000  0.0000  0.0000  1
184:   0.0000  0.4447  0.4958  0.0596  1
185:   0.9998  0.0002  0.0000  0.0000  1
186:   0.9135  0.0000  0.0000  0.0865  1
187:   0.0690  0.0000  0.0000  0.9310  1
188:   0.0000  0.3169  0.0914  0.5917  1
189:   0.0000  0.0000  0.6401  0.3599  1
190:   0.6299  0.1674  0.0000  0.2027  1
191:   0.0000  1.0000  0.0000  0.0000  1
192:   0.0000  0.0000  0.5356  0.4644  1
193:   0.0000  1.0000  0.0000  0.0000  1
194:   0.4476  0.0137  0.0000  0.5387  1
195:   0.0000  0.0000  0.8550  0.1450  1
196:   1.0000  0.0000  0.0000  0.0000  1
197:   0.0000  0.4429  0.5571  0.0000  1
198:   0.9635  0.0365  0.0000  0.0000  1
199:   0.5154  0.0000  0.0375  0.4471  1
200:   0.1329  0.0000  0.8671  0.0000  1
201:   0.0000  0.2393  0.2144  0.5463  1
202:   0.0000  1.0000  0.0000  0.0000  1
203:   0.0000  1.0000  0.0000  0.0000  1
204:   0.0000  1.0000  0.0000  0.0000  1
205:   0.0000  1.0000  0.0000  0.0000  1
206:   0.1734  0.0000  0.7302  0.0964  1
207:   0.7361  0.0000  0.2639  0.0000  1
208:   0.0000  0.7006  0.2994  0.0000  1
209:   1.0000  0.0000  0.0000  0.0000  1
210:   0.0000  1.0000  0.0000  0.0000  1
211:   0.0000  0.8353  0.0000  0.1647  1
212:   0.0000  0.0000  1.0000  0.0000  1
213:   0.0000  1.0000  0.0000  0.0000  1
214:   0.0000  0.0003  0.7821  0.2176  1
215:   0.0000  1.0000  0.0000  0.0000  1
216:   0.0000  0.0000  0.2680  0.7320  1
217:   0.0000  1.0000  0.0000  0.0000  1
218:   0.0000  0.0000  0.3821  0.6179  1
219:   0.3968  0.0001  0.0000  0.6032  1
220:   0.3157  0.6373  0.0000  0.0469  1
221:   0.0000  1.0000  0.0000  0.0000  1
222:   0.0000  1.0000  0.0000  0.0000  1
223:   0.9339  0.0537  0.0000  0.0124  1
224:   0.0000  1.0000  0.0000  0.0000  1
225:   0.0000  1.0000  0.0000  0.0000  1
226:   0.0000  0.9997  0.0000  0.0003  1
227:   0.0000  0.9953  0.0000  0.0047  1
228:   0.0662  0.0000  0.9214  0.0124  1
229:   0.0000  0.0000  1.0000  0.0000  1
230:   0.6569  0.3112  0.0000  0.0318  1

  1:   0.0000  1.0000  0.0000  0.0000  1
  2:   1.0000  0.0000  0.0000  0.0000  1
  3:   1.0000  0.0000  0.0000  0.0000  1
  4:   1.0000  0.0000  0.0000  0.0000  1
  5:   1.0000  0.0000  0.0000  0.0000  1
  6:   0.0000  0.0000  0.4784  0.5216  1
  7:   0.0000  0.0000  0.9722  0.0278  1
  8:   0.8803  0.0273  0.0000  0.0924  1
  9:   1.0000  0.0000  0.0000  0.0000  1
 10:   0.0000  0.0000  0.0000  1.0000  1
 11:   1.0000  0.0000  0.0000  0.0000  1
 12:   1.0000  0.0000  0.0000  0.0000  1
 13:   1.0000  0.0000  0.0000  0.0000  1
 14:   0.0000  0.0000  0.5311  0.4689  1
 15:   1.0000  0.0000  0.0000  0.0000  1
 16:   0.0000  0.0000  0.9039  0.0961  1
 17:   1.0000  0.0000  0.0000  0.0000  1
 18:   1.0000  0.0000  0.0000  0.0000  1
 19:   0.0000  0.0000  0.9665  0.0335  1
 20:   1.0000  0.0000  0.0000  0.0000  1
 21:   1.0000  0.0000  0.0000  0.0000  1
 22:   1.0000  0.0000  0.0000  0.0000  1
 23:   0.0000  0.0000  0.7603  0.2397  1
 24:   0.0000  0.0000  0.9999  0.0001  1
 25:   0.9207  0.0793  0.0000  0.0000  1
 26:   0.0000  0.0000  0.0000  1.0000  1
 27:   1.0000  0.0000  0.0000  0.0000  1
 28:   0.0000  0.0000  0.8490  0.1510  1
 29:   1.0000  0.0000  0.0000  0.0000  1
 30:   1.0000  0.0000  0.0000  0.0000  1
 31:   0.0000  1.0000  0.0000  0.0000  1
 32:   0.0000  0.0000  0.0000  1.0000  1
 33:   0.1101  0.0000  0.6776  0.2123  1
 34:   0.0000  0.0000  0.0000  1.0000  1
 35:   0.0286  0.0000  0.9316  0.0398  1
 36:   0.0000  0.0000  0.0000  1.0000  1
 37:   0.0832  0.0000  0.3110  0.6058  1
 38:   1.0000  0.0000  0.0000  0.0000  1
 39:   0.0000  0.0791  0.8227  0.0982  1
 40:   0.9087  0.0000  0.0000  0.0913  1
 41:   1.0000  0.0000  0.0000  0.0000  1
 42:   1.0000  0.0000  0.0000  0.0000  1
 43:   0.9580  0.0138  0.0281  0.0000  1
 44:   0.1491  0.0000  0.1099  0.7410  1
 45:   0.0000  0.0415  0.2170  0.7415  1
 46:   1.0000  0.0000  0.0000  0.0000  1
 47:   0.0000  0.0785  0.9215  0.0000  1
 48:   0.0000  0.0000  0.2485  0.7515  1
 49:   0.0000  0.0476  0.9524  0.0000  1
 50:   0.0000  0.0000  0.5902  0.4098  1
 51:   1.0000  0.0000  0.0000  0.0000  1
 52:   1.0000  0.0000  0.0000  0.0000  1
 53:   0.0000  0.0000  0.0000  1.0000  1
 54:   0.0000  1.0000  0.0000  0.0000  1
 55:   0.0000  0.0000  1.0000  0.0000  1
 56:   0.0000  1.0000  0.0000  0.0000  1
 57:   0.0000  0.0000  0.0000  1.0000  1
 58:   0.0621  0.0000  0.4568  0.4811  1
 59:   0.9990  0.0010  0.0000  0.0000  1
 60:   0.0000  0.0000  0.0946  0.9054  1
 61:   0.0000  0.0000  0.0000  1.0000  1
 62:   1.0000  0.0000  0.0000  0.0000  1
 63:   0.0000  0.0433  0.5280  0.4287  1
 64:   0.0000  0.0000  0.8138  0.1862  1
 65:   0.0000  0.1086  0.0000  0.8914  1
 66:   1.0000  0.0000  0.0000  0.0000  1
 67:   0.0000  0.8948  0.0000  0.1052  1
 68:   0.0000  1.0000  0.0000  0.0000  1
 69:   0.0000  0.0000  0.0000  1.0000  1
 70:   0.0000  0.0000  0.0000  1.0000  1
 71:   1.0000  0.0000  0.0000  0.0000  1
 72:   0.8760  0.1240  0.0000  0.0000  1
 73:   0.9462  0.0000  0.0538  0.0000  1
 74:   0.0000  0.0464  0.0000  0.9536  1
 75:   0.0000  0.0000  0.2387  0.7613  1
 76:   0.0000  0.0000  0.0000  1.0000  1
 77:   0.9446  0.0046  0.0000  0.0508  1
 78:   0.0000  1.0000  0.0000  0.0000  1
 79:   0.0000  0.0000  0.0000  1.0000  1
 80:   1.0000  0.0000  0.0000  0.0000  1
 81:   0.0000  1.0000  0.0000  0.0000  1
 82:   0.0000  0.0000  1.0000  0.0000  1
 83:   0.0759  0.0000  0.7273  0.1969  1
 84:   0.0000  0.0000  0.0000  1.0000  1
 85:   0.0000  0.0000  0.1957  0.8043  1
 86:   0.0000  0.0000  1.0000  0.0000  1
 87:   0.8049  0.0000  0.0000  0.1951  1
 88:   0.0000  0.0000  1.0000  0.0000  1
 89:   0.0000  0.0000  0.0000  1.0000  1
 90:   1.0000  0.0000  0.0000  0.0000  1
 91:   0.0000  0.0000  0.7781  0.2219  1
 92:   0.0000  0.0000  0.7531  0.2469  1
 93:   0.0000  1.0000  0.0000  0.0000  1
 94:   0.0000  1.0000  0.0000  0.0000  1
 95:   0.1312  0.0951  0.7737  0.0000  1
 96:   1.0000  0.0000  0.0000  0.0000  1
 97:   0.1594  0.0000  0.5897  0.2509  1
 98:   0.1342  0.0000  0.4382  0.4277  1
 99:   0.4102  0.0109  0.5789  0.0000  1
100:   0.5099  0.3582  0.0000  0.1319  1
101:   0.8290  0.0000  0.0000  0.1710  1
102:   0.9998  0.0002  0.0000  0.0000  1
103:   0.0000  0.0532  0.6328  0.3140  1
104:   0.5779  0.3286  0.0935  0.0000  1
105:   0.8143  0.0000  0.1134  0.0723  1
106:   1.0000  0.0000  0.0000  0.0000  1
107:   0.8381  0.0000  0.0000  0.1619  1
108:   0.9508  0.0492  0.0000  0.0000  1
109:   0.0000  0.0000  0.3040  0.6960  1
110:   0.9649  0.0351  0.0000  0.0000  1
111:   0.9722  0.0000  0.0278  0.0000  1
112:   0.0000  0.0000  0.8094  0.1906  1
113:   0.1694  0.0000  0.7209  0.1097  1
114:   0.1972  0.0819  0.3592  0.3617  1
115:   0.0414  0.0000  0.6057  0.3529  1
116:   0.5831  0.1801  0.0000  0.2368  1
117:   0.8259  0.1741  0.0000  0.0000  1
118:   0.0000  0.0046  0.9951  0.0002  1
119:   0.8522  0.1478  0.0000  0.0000  1
120:   0.7735  0.2265  0.0000  0.0000  1
121:   0.9698  0.0000  0.0000  0.0302  1
122:   0.8022  0.0000  0.0000  0.1978  1
123:   0.7068  0.2932  0.0000  0.0000  1
124:   0.0000  0.0000  0.2575  0.7425  1
125:   0.0190  0.0000  0.7734  0.2076  1
126:   1.0000  0.0000  0.0000  0.0000  1
127:   0.0000  0.0000  1.0000  0.0000  1
128:   0.0000  1.0000  0.0000  0.0000  1
129:   1.0000  0.0000  0.0000  0.0000  1
130:   0.0000  0.8556  0.1444  0.0000  1
131:   1.0000  0.0000  0.0000  0.0000  1
132:   0.0000  0.0000  0.0000  1.0000  1
133:   0.2165  0.7835  0.0000  0.0000  1
134:   0.1725  0.8257  0.0000  0.0017  1
135:   0.8098  0.0401  0.0000  0.1500  1
136:   0.0000  1.0000  0.0000  0.0000  1
137:   1.0000  0.0000  0.0000  0.0000  1
138:   0.0000  0.0000  0.8306  0.1694  1
139:   0.0000  1.0000  0.0000  0.0000  1
140:   0.8514  0.1164  0.0322  0.0000  1
141:   0.0000  0.0010  0.0000  0.9990  1
142:   0.0000  0.8952  0.1048  0.0000  1
143:   0.5440  0.3948  0.0000  0.0611  1
144:   0.0000  1.0000  0.0000  0.0000  1
145:   0.0000  1.0000  0.0000  0.0000  1
146:   0.0000  0.1221  0.8779  0.0000  1
147:   0.0600  0.0000  0.2985  0.6416  1
148:   0.0000  0.8430  0.0000  0.1570  1
149:   0.6670  0.3330  0.0000  0.0000  1
150:   0.8700  0.0522  0.0000  0.0778  1
151:   0.0286  0.0000  0.9714  0.0000  1
152:   0.6490  0.0859  0.0000  0.2651  1
153:   0.9555  0.0445  0.0000  0.0000  1
154:   0.8273  0.1727  0.0000  0.0000  1
155:   0.8524  0.1160  0.0316  0.0000  1
156:   0.8281  0.1719  0.0000  0.0000  1
157:   0.9243  0.0000  0.0000  0.0757  1
158:   0.0000  0.0000  1.0000  0.0000  1
159:   0.7050  0.0000  0.2671  0.0279  1
160:   0.0000  1.0000  0.0000  0.0000  1
161:   0.2241  0.0000  0.3341  0.4418  1
162:   0.0000  0.0000  0.9425  0.0575  1
163:   0.0000  1.0000  0.0000  0.0000  1
164:   0.0000  1.0000  0.0000  0.0000  1
165:   0.2186  0.0000  0.5257  0.2556  1
166:   1.0000  0.0000  0.0000  0.0000  1
167:   0.5092  0.0000  0.0000  0.4908  1
168:   0.0000  0.1426  0.2271  0.6303  1
169:   0.8616  0.1256  0.0000  0.0128  1
170:   0.1554  0.0000  0.5118  0.3328  1
171:   0.5820  0.0000  0.0000  0.4180  1
172:   0.9395  0.0000  0.0605  0.0000  1
173:   0.0904  0.9096  0.0000  0.0000  1
174:   1.0000  0.0000  0.0000  0.0000  1
175:   0.8447  0.1553  0.0000  0.0000  1
176:   0.5482  0.1600  0.1578  0.1340  1
177:   0.0000  1.0000  0.0000  0.0000  1
178:   0.3965  0.1975  0.0000  0.4060  1
179:   0.8293  0.0000  0.0000  0.1707  1
180:   0.6614  0.0000  0.0000  0.3386  1
181:   0.9232  0.0768  0.0000  0.0000  1
182:   1.0000  0.0000  0.0000  0.0000  1
183:   0.0000  1.0000  0.0000  0.0000  1
184:   0.0001  0.4457  0.4979  0.0563  1
185:   0.9995  0.0005  0.0000  0.0000  1
186:   0.9136  0.0000  0.0000  0.0864  1
187:   0.0690  0.0000  0.0000  0.9310  1
188:   0.0000  0.3163  0.0913  0.5924  1
189:   0.0000  0.0000  0.6412  0.3588  1
190:   0.6305  0.1668  0.0000  0.2027  1
191:   0.0000  1.0000  0.0000  0.0000  1
192:   0.0000  0.0000  0.5367  0.4633  1
193:   0.0000  1.0000  0.0000  0.0000  1
194:   0.4478  0.0130  0.0000  0.5393  1
195:   0.0000  0.0000  0.8550  0.1450  1
196:   1.0000  0.0000  0.0000  0.0000  1
197:   0.0000  0.4432  0.5568  0.0000  1
198:   0.9634  0.0366  0.0000  0.0000  1
199:   0.5055  0.0000  0.0505  0.4440  1
200:   0.1337  0.0000  0.8663  0.0000  1
201:   0.0000  0.2390  0.2135  0.5475  1
202:   0.0000  1.0000  0.0000  0.0000  1
203:   0.0000  1.0000  0.0000  0.0000  1
204:   0.0000  1.0000  0.0000  0.0000  1
205:   0.0000  1.0000  0.0000  0.0000  1
206:   0.1742  0.0000  0.7407  0.0851  1
207:   0.7365  0.0000  0.2635  0.0000  1
208:   0.0000  0.7018  0.2982  0.0000  1
209:   1.0000  0.0000  0.0000  0.0000  1
210:   0.0000  1.0000  0.0000  0.0000  1
211:   0.0000  0.8351  0.0000  0.1649  1
212:   0.0000  0.0000  1.0000  0.0000  1
213:   0.0000  1.0000  0.0000  0.0000  1
214:   0.0000  0.0003  0.7817  0.2180  1
215:   0.0011  0.9989  0.0000  0.0000  1
216:   0.0000  0.0000  0.2692  0.7308  1
217:   0.0000  1.0000  0.0000  0.0000  1
218:   0.0000  0.0000  0.3855  0.6145  1
219:   0.3972  0.0001  0.0000  0.6026  1
220:   0.3155  0.6354  0.0000  0.0491  1
221:   0.0000  1.0000  0.0000  0.0000  1
222:   0.0000  1.0000  0.0000  0.0000  1
223:   0.9337  0.0540  0.0000  0.0123  1
224:   0.0000  1.0000  0.0000  0.0000  1
225:   0.0000  1.0000  0.0000  0.0000  1
226:   0.0000  0.9907  0.0000  0.0093  1
227:   0.0000  0.9981  0.0012  0.0007  1
228:   0.0696  0.0000  0.9289  0.0015  1
229:   0.0050  0.0000  0.9950  0.0000  1
230:   0.6567  0.3117  0.0000  0.0316  1

  1:   0.0000  1.0000  0.0000  0.0000  1
  2:   1.0000  0.0000  0.0000  0.0000  1
  3:   1.0000  0.0000  0.0000  0.0000  1
  4:   1.0000  0.0000  0.0000  0.0000  1
  5:   1.0000  0.0000  0.0000  0.0000  1
  6:   0.0000  0.0000  0.4784  0.5216  1
  7:   0.0000  0.0000  0.9722  0.0278  1
  8:   0.8803  0.0273  0.0000  0.0924  1
  9:   1.0000  0.0000  0.0000  0.0000  1
 10:   0.0000  0.0000  0.0000  1.0000  1
 11:   1.0000  0.0000  0.0000  0.0000  1
 12:   1.0000  0.0000  0.0000  0.0000  1
 13:   1.0000  0.0000  0.0000  0.0000  1
 14:   0.0000  0.0000  0.5311  0.4689  1
 15:   1.0000  0.0000  0.0000  0.0000  1
 16:   0.0000  0.0000  0.9039  0.0961  1
 17:   1.0000  0.0000  0.0000  0.0000  1
 18:   1.0000  0.0000  0.0000  0.0000  1
 19:   0.0000  0.0000  0.9665  0.0335  1
 20:   1.0000  0.0000  0.0000  0.0000  1
 21:   1.0000  0.0000  0.0000  0.0000  1
 22:   1.0000  0.0000  0.0000  0.0000  1
 23:   0.0000  0.0000  0.7603  0.2397  1
 24:   0.0000  0.0000  0.9999  0.0001  1
 25:   0.9207  0.0793  0.0000  0.0000  1
 26:   0.0000  0.0000  0.0000  1.0000  1
 27:   1.0000  0.0000  0.0000  0.0000  1
 28:   0.0000  0.0000  0.8490  0.1510  1
 29:   1.0000  0.0000  0.0000  0.0000  1
 30:   1.0000  0.0000  0.0000  0.0000  1
 31:   0.0000  1.0000  0.0000  0.0000  1
 32:   0.0000  0.0000  0.0000  1.0000  1
 33:   0.1101  0.0000  0.6776  0.2123  1
 34:   0.0000  0.0000  0.0000  1.0000  1
 35:   0.0286  0.0000  0.9316  0.0398  1
 36:   0.0000  0.0000  0.0000  1.0000  1
 37:   0.0832  0.0000  0.3110  0.6058  1
 38:   1.0000  0.0000  0.0000  0.0000  1
 39:   0.0000  0.0791  0.8227  0.0982  1
 40:   0.9087  0.0000  0.0000  0.0913  1
 41:   1.0000  0.0000  0.0000  0.0000  1
 42:   1.0000  0.0000  0.0000  0.0000  1
 43:   0.9580  0.0138  0.0281  0.0000  1
 44:   0.1491  0.0000  0.1099  0.7410  1
 45:   0.0000  0.0415  0.2170  0.7415  1
 46:   1.0000  0.0000  0.0000  0.0000  1
 47:   0.0000  0.0785  0.9215  0.0000  1
 48:   0.0000  0.0000  0.2485  0.7515  1
 49:   0.0000  0.0476  0.9524  0.0000  1
 50:   0.0000  0.0000  0.5902  0.4098  1
 51:   1.0000  0.0000  0.0000  0.0000  1
 52:   1.0000  0.0000  0.0000  0.0000  1
 53:   0.0000  0.0000  0.0000  1.0000  1
 54:   0.0000  1.0000  0.0000  0.0000  1
 55:   0.0000  0.0000  1.0000  0.0000  1
 56:   0.0000  1.0000  0.0000  0.0000  1
 57:   0.0000  0.0000  0.0000  1.0000  1
 58:   0.0621  0.0000  0.4568  0.4811  1
 59:   0.9990  0.0010  0.0000  0.0000  1
 60:   0.0000  0.0000  0.0946  0.9054  1
 61:   0.0000  0.0000  0.0000  1.0000  1
 62:   1.0000  0.0000  0.0000  0.0000  1
 63:   0.0000  0.0433  0.5280  0.4287  1
 64:   0.0000  0.0000  0.8138  0.1862  1
 65:   0.0000  0.1086  0.0000  0.8914  1
 66:   1.0000  0.0000  0.0000  0.0000  1
 67:   0.0000  0.8948  0.0000  0.1052  1
 68:   0.0000  1.0000  0.0000  0.0000  1
 69:   0.0000  0.0000  0.0000  1.0000  1
 70:   0.0000  0.0000  0.0000  1.0000  1
 71:   1.0000  0.0000  0.0000  0.0000  1
 72:   0.8760  0.1240  0.0000  0.0000  1
 73:   0.9462  0.0000  0.0538  0.0000  1
 74:   0.0000  0.0464  0.0000  0.9536  1
 75:   0.0000  0.0000  0.2387  0.7613  1
 76:   0.0000  0.0000  0.0000  1.0000  1
 77:   0.9446  0.0046  0.0000  0.0508  1
 78:   0.0000  1.0000  0.0000  0.0000  1
 79:   0.0000  0.0000  0.0000  1.0000  1
 80:   1.0000  0.0000  0.0000  0.0000  1
 81:   0.0000  1.0000  0.0000  0.0000  1
 82:   0.0000  0.0000  1.0000  0.0000  1
 83:   0.0759  0.0000  0.7273  0.1969  1
 84:   0.0000  0.0000  0.0000  1.0000  1
 85:   0.0000  0.0000  0.1957  0.8043  1
 86:   0.0000  0.0000  1.0000  0.0000  1
 87:   0.8049  0.0000  0.0000  0.1951  1
 88:   0.0000  0.0000  1.0000  0.0000  1
 89:   0.0000  0.0000  0.0000  1.0000  1
 90:   1.0000  0.0000  0.0000  0.0000  1
 91:   0.0000  0.0000  0.7781  0.2219  1
 92:   0.0000  0.0000  0.7531  0.2469  1
 93:   0.0000  1.0000  0.0000  0.0000  1
 94:   0.0000  1.0000  0.0000  0.0000  1
 95:   0.1312  0.0951  0.7737  0.0000  1
 96:   1.0000  0.0000  0.0000  0.0000  1
 97:   0.1594  0.0000  0.5897  0.2509  1
 98:   0.1342  0.0000  0.4382  0.4277  1
 99:   0.4102  0.0109  0.5789  0.0000  1
100:   0.5099  0.3582  0.0000  0.1319  1
101:   0.8290  0.0000  0.0000  0.1710  1
102:   0.9998  0.0002  0.0000  0.0000  1
103:   0.0000  0.0532  0.6328  0.3140  1
104:   0.5779  0.3286  0.0935  0.0000  1
105:   0.8143  0.0000  0.1134  0.0723  1
106:   1.0000  0.0000  0.0000  0.0000  1
107:   0.8381  0.0000  0.0000  0.1619  1
108:   0.9508  0.0492  0.0000  0.0000  1
109:   0.0000  0.0000  0.3040  0.6960  1
110:   0.9649  0.0351  0.0000  0.0000  1
111:   0.9722  0.0000  0.0278  0.0000  1
112:   0.0000  0.0000  0.8094  0.1906  1
113:   0.1694  0.0000  0.7209  0.1097  1
114:   0.1972  0.0819  0.3592  0.3617  1
115:   0.0414  0.0000  0.6057  0.3529  1
116:   0.5831  0.1801  0.0000  0.2368  1
117:   0.8259  0.1741  0.0000  0.0000  1
118:   0.0000  0.0046  0.9951  0.0002  1
119:   0.8522  0.1478  0.0000  0.0000  1
120:   0.7735  0.2265  0.0000  0.0000  1
121:   0.9698  0.0000  0.0000  0.0302  1
122:   0.8022  0.0000  0.0000  0.1978  1
123:   0.7068  0.2932  0.0000  0.0000  1
124:   0.0000  0.0000  0.2575  0.7425  1
125:   0.0190  0.0000  0.7734  0.2076  1
126:   1.0000  0.0000  0.0000  0.0000  1
127:   0.0000  0.0000  1.0000  0.0000  1
128:   0.0000  1.0000  0.0000  0.0000  1
129:   1.0000  0.0000  0.0000  0.0000  1
130:   0.0000  0.8556  0.1444  0.0000  1
131:   1.0000  0.0000  0.0000  0.0000  1
132:   0.0000  0.0000  0.0000  1.0000  1
133:   0.2165  0.7835  0.0000  0.0000  1
134:   0.1725  0.8257  0.0000  0.0017  1
135:   0.8098  0.0401  0.0000  0.1500  1
136:   0.0000  1.0000  0.0000  0.0000  1
137:   1.0000  0.0000  0.0000  0.0000  1
138:   0.0000  0.0000  0.8306  0.1694  1
139:   0.0000  1.0000  0.0000  0.0000  1
140:   0.8514  0.1164  0.0322  0.0000  1
141:   0.0000  0.0010  0.0000  0.9990  1
142:   0.0000  0.8952  0.1048  0.0000  1
143:   0.5440  0.3948  0.0000  0.0611  1
144:   0.0000  1.0000  0.0000  0.0000  1
145:   0.0000  1.0000  0.0000  0.0000  1
146:   0.0000  0.1221  0.8779  0.0000  1
147:   0.0600  0.0000  0.2985  0.6416  1
148:   0.0000  0.8430  0.0000  0.1570  1
149:   0.6670  0.3330  0.0000  0.0000  1
150:   0.8700  0.0522  0.0000  0.0778  1
151:   0.0286  0.0000  0.9714  0.0000  1
152:   0.6490  0.0859  0.0000  0.2651  1
153:   0.9555  0.0445  0.0000  0.0000  1
154:   0.8273  0.1727  0.0000  0.0000  1
155:   0.8524  0.1160  0.0316  0.0000  1
156:   0.8281  0.1719  0.0000  0.0000  1
157:   0.9243  0.0000  0.0000  0.0757  1
158:   0.0000  0.0000  1.0000  0.0000  1
159:   0.7050  0.0000  0.2671  0.0279  1
160:   0.0000  1.0000  0.0000  0.0000  1
161:   0.2241  0.0000  0.3341  0.4418  1
162:   0.0000  0.0000  0.9425  0.0575  1
163:   0.0000  1.0000  0.0000  0.0000  1
164:   0.0000  1.0000  0.0000  0.0000  1
165:   0.2186  0.0000  0.5257  0.2556  1
166:   1.0000  0.0000  0.0000  0.0000  1
167:   0.5092  0.0000  0.0000  0.4908  1
168:   0.0000  0.1426  0.2271  0.6303  1
169:   0.8616  0.1256  0.0000  0.0128  1
170:   0.1554  0.0000  0.5118  0.3328  1
171:   0.5820  0.0000  0.0000  0.4180  1
172:   0.9395  0.0000  0.0605  0.0000  1
173:   0.0904  0.9096  0.0000  0.0000  1
174:   1.0000  0.0000  0.0000  0.0000  1
175:   0.8447  0.1553  0.0000  0.0000  1
176:   0.5482  0.1600  0.1578  0.1340  1
177:   0.0000  1.0000  0.0000  0.0000  1
178:   0.3965  0.1975  0.0000  0.4060  1
179:   0.8293  0.0000  0.0000  0.1707  1
180:   0.6614  0.0000  0.0000  0.3386  1
181:   0.9232  0.0768  0.0000  0.0000  1
182:   1.0000  0.0000  0.0000  0.0000  1
183:   0.0000  1.0000  0.0000  0.0000  1
184:   0.0001  0.4457  0.4979  0.0563  1
185:   0.9995  0.0005  0.0000  0.0000  1
186:   0.9136  0.0000  0.0000  0.0864  1
187:   0.0690  0.0000  0.0000  0.9310  1
188:   0.0000  0.3163  0.0913  0.5924  1
189:   0.0000  0.0000  0.6412  0.3588  1
190:   0.6305  0.1668  0.0000  0.2027  1
191:   0.0000  1.0000  0.0000  0.0000  1
192:   0.0000  0.0000  0.5367  0.4633  1
193:   0.0000  1.0000  0.0000  0.0000  1
194:   0.4478  0.0130  0.0000  0.5393  1
195:   0.0000  0.0000  0.8550  0.1450  1
196:   1.0000  0.0000  0.0000  0.0000  1
197:   0.0000  0.4432  0.5568  0.0000  1
198:   0.9634  0.0366  0.0000  0.0000  1
199:   0.5055  0.0000  0.0505  0.4440  1
200:   0.1337  0.0000  0.8663  0.0000  1
201:   0.0000  0.2390  0.2135  0.5475  1
202:   0.0000  1.0000  0.0000  0.0000  1
203:   0.0000  1.0000  0.0000  0.0000  1
204:   0.0000  1.0000  0.0000  0.0000  1
205:   0.0000  1.0000  0.0000  0.0000  1
206:   0.1742  0.0000  0.7407  0.0851  1
207:   0.7365  0.0000  0.2635  0.0000  1
208:   0.0000  0.7018  0.2982  0.0000  1
209:   1.0000  0.0000  0.0000  0.0000  1
210:   0.0000  1.0000  0.0000  0.0000  1
211:   0.0000  0.8351  0.0000  0.1649  1
212:   0.0000  0.0000  1.0000  0.0000  1
213:   0.0000  1.0000  0.0000  0.0000  1
214:   0.0000  0.0003  0.7817  0.2180  1
215:   0.0011  0.9989  0.0000  0.0000  1
216:   0.0000  0.0000  0.2692  0.7308  1
217:   0.0000  1.0000  0.0000  0.0000  1
218:   0.0000  0.0000  0.3855  0.6145  1
219:   0.3972  0.0001  0.0000  0.6026  1
220:   0.3155  0.6354  0.0000  0.0491  1
221:   0.0000  1.0000  0.0000  0.0000  1
222:   0.0000  1.0000  0.0000  0.0000  1
223:   0.9337  0.0540  0.0000  0.0123  1
224:   0.0000  1.0000  0.0000  0.0000  1
225:   0.0000  1.0000  0.0000  0.0000  1
226:   0.0000  0.9907  0.0000  0.0093  1
227:   0.0000  0.9981  0.0012  0.0007  1
228:   0.0696  0.0000  0.9289  0.0015  1
229:   0.0050  0.0000  0.9950  0.0000  1
230:   0.6567  0.3117  0.0000  0.0316  1

  1:   0.0000  1.0000  0.0000  0.0000  1
  2:   1.0000  0.0000  0.0000  0.0000  1
  3:   1.0000  0.0000  0.0000  0.0000  1
  4:   1.0000  0.0000  0.0000  0.0000  1
  5:   1.0000  0.0000  0.0000  0.0000  1
  6:   0.0000  0.0000  0.4784  0.5216  1
  7:   0.0000  0.0000  0.9722  0.0278  1
  8:   0.8803  0.0273  0.0000  0.0924  1
  9:   1.0000  0.0000  0.0000  0.0000  1
 10:   0.0000  0.0000  0.0000  1.0000  1
 11:   1.0000  0.0000  0.0000  0.0000  1
 12:   1.0000  0.0000  0.0000  0.0000  1
 13:   1.0000  0.0000  0.0000  0.0000  1
 14:   0.0000  0.0000  0.5311  0.4689  1
 15:   1.0000  0.0000  0.0000  0.0000  1
 16:   0.0000  0.0000  0.9039  0.0961  1
 17:   1.0000  0.0000  0.0000  0.0000  1
 18:   1.0000  0.0000  0.0000  0.0000  1
 19:   0.0000  0.0000  0.9665  0.0335  1
 20:   1.0000  0.0000  0.0000  0.0000  1
 21:   1.0000  0.0000  0.0000  0.0000  1
 22:   1.0000  0.0000  0.0000  0.0000  1
 23:   0.0000  0.0000  0.7603  0.2397  1
 24:   0.0000  0.0000  0.9999  0.0001  1
 25:   0.9207  0.0793  0.0000  0.0000  1
 26:   0.0000  0.0000  0.0000  1.0000  1
 27:   1.0000  0.0000  0.0000  0.0000  1
 28:   0.0000  0.0000  0.8490  0.1510  1
 29:   1.0000  0.0000  0.0000  0.0000  1
 30:   1.0000  0.0000  0.0000  0.0000  1
 31:   0.0000  1.0000  0.0000  0.0000  1
 32:   0.0000  0.0000  0.0000  1.0000  1
 33:   0.1101  0.0000  0.6776  0.2123  1
 34:   0.0000  0.0000  0.0000  1.0000  1
 35:   0.0286  0.0000  0.9316  0.0398  1
 36:   0.0000  0.0000  0.0000  1.0000  1
 37:   0.0832  0.0000  0.3110  0.6058  1
 38:   1.0000  0.0000  0.0000  0.0000  1
 39:   0.0000  0.0791  0.8227  0.0982  1
 40:   0.9087  0.0000  0.0000  0.0913  1
 41:   1.0000  0.0000  0.0000  0.0000  1
 42:   1.0000  0.0000  0.0000  0.0000  1
 43:   0.9580  0.0138  0.0281  0.0000  1
 44:   0.1491  0.0000  0.1099  0.7410  1
 45:   0.0000  0.0415  0.2170  0.7415  1
 46:   1.0000  0.0000  0.0000  0.0000  1
 47:   0.0000  0.0785  0.9215  0.0000  1
 48:   0.0000  0.0000  0.2485  0.7515  1
 49:   0.0000  0.0476  0.9524  0.0000  1
 50:   0.0000  0.0000  0.5902  0.4098  1
 51:   1.0000  0.0000  0.0000  0.0000  1
 52:   1.0000  0.0000  0.0000  0.0000  1
 53:   0.0000  0.0000  0.0000  1.0000  1
 54:   0.0000  1.0000  0.0000  0.0000  1
 55:   0.0000  0.0000  1.0000  0.0000  1
 56:   0.0000  1.0000  0.0000  0.0000  1
 57:   0.0000  0.0000  0.0000  1.0000  1
 58:   0.0621  0.0000  0.4568  0.4811  1
 59:   0.9990  0.0010  0.0000  0.0000  1
 60:   0.0000  0.0000  0.0946  0.9054  1
 61:   0.0000  0.0000  0.0000  1.0000  1
 62:   1.0000  0.0000  0.0000  0.0000  1
 63:   0.0000  0.0433  0.5280  0.4287  1
 64:   0.0000  0.0000  0.8138  0.1862  1
 65:   0.0000  0.1086  0.0000  0.8914  1
 66:   1.0000  0.0000  0.0000  0.0000  1
 67:   0.0000  0.8948  0.0000  0.1052  1
 68:   0.0000  1.0000  0.0000  0.0000  1
 69:   0.0000  0.0000  0.0000  1.0000  1
 70:   0.0000  0.0000  0.0000  1.0000  1
 71:   1.0000  0.0000  0.0000  0.0000  1
 72:   0.8760  0.1240  0.0000  0.0000  1
 73:   0.9462  0.0000  0.0538  0.0000  1
 74:   0.0000  0.0464  0.0000  0.9536  1
 75:   0.0000  0.0000  0.2387  0.7613  1
 76:   0.0000  0.0000  0.0000  1.0000  1
 77:   0.9446  0.0046  0.0000  0.0508  1
 78:   0.0000  1.0000  0.0000  0.0000  1
 79:   0.0000  0.0000  0.0000  1.0000  1
 80:   1.0000  0.0000  0.0000  0.0000  1
 81:   0.0000  1.0000  0.0000  0.0000  1
 82:   0.0000  0.0000  1.0000  0.0000  1
 83:   0.0759  0.0000  0.7273  0.1969  1
 84:   0.0000  0.0000  0.0000  1.0000  1
 85:   0.0000  0.0000  0.1957  0.8043  1
 86:   0.0000  0.0000  1.0000  0.0000  1
 87:   0.8049  0.0000  0.0000  0.1951  1
 88:   0.0000  0.0000  1.0000  0.0000  1
 89:   0.0000  0.0000  0.0000  1.0000  1
 90:   1.0000  0.0000  0.0000  0.0000  1
 91:   0.0000  0.0000  0.7781  0.2219  1
 92:   0.0000  0.0000  0.7531  0.2469  1
 93:   0.0000  1.0000  0.0000  0.0000  1
 94:   0.0000  1.0000  0.0000  0.0000  1
 95:   0.1312  0.0951  0.7737  0.0000  1
 96:   1.0000  0.0000  0.0000  0.0000  1
 97:   0.1594  0.0000  0.5897  0.2509  1
 98:   0.1342  0.0000  0.4382  0.4277  1
 99:   0.4102  0.0109  0.5789  0.0000  1
100:   0.5099  0.3582  0.0000  0.1319  1
101:   0.8290  0.0000  0.0000  0.1710  1
102:   0.9998  0.0002  0.0000  0.0000  1
103:   0.0000  0.0532  0.6328  0.3140  1
104:   0.5779  0.3286  0.0935  0.0000  1
105:   0.8143  0.0000  0.1134  0.0723  1
106:   1.0000  0.0000  0.0000  0.0000  1
107:   0.8381  0.0000  0.0000  0.1619  1
108:   0.9508  0.0492  0.0000  0.0000  1
109:   0.0000  0.0000  0.3040  0.6960  1
110:   0.9649  0.0351  0.0000  0.0000  1
111:   0.9722  0.0000  0.0278  0.0000  1
112:   0.0000  0.0000  0.8094  0.1906  1
113:   0.1694  0.0000  0.7209  0.1097  1
114:   0.1972  0.0819  0.3592  0.3617  1
115:   0.0414  0.0000  0.6057  0.3529  1
116:   0.5831  0.1801  0.0000  0.2368  1
117:   0.8259  0.1741  0.0000  0.0000  1
118:   0.0000  0.0046  0.9951  0.0002  1
119:   0.8522  0.1478  0.0000  0.0000  1
120:   0.7735  0.2265  0.0000  0.0000  1
121:   0.9698  0.0000  0.0000  0.0302  1
122:   0.8022  0.0000  0.0000  0.1978  1
123:   0.7068  0.2932  0.0000  0.0000  1
124:   0.0000  0.0000  0.2575  0.7425  1
125:   0.0190  0.0000  0.7734  0.2076  1
126:   1.0000  0.0000  0.0000  0.0000  1
127:   0.0000  0.0000  1.0000  0.0000  1
128:   0.0000  1.0000  0.0000  0.0000  1
129:   1.0000  0.0000  0.0000  0.0000  1
130:   0.0000  0.8556  0.1444  0.0000  1
131:   1.0000  0.0000  0.0000  0.0000  1
132:   0.0000  0.0000  0.0000  1.0000  1
133:   0.2165  0.7835  0.0000  0.0000  1
134:   0.1725  0.8257  0.0000  0.0017  1
135:   0.8098  0.0401  0.0000  0.1500  1
136:   0.0000  1.0000  0.0000  0.0000  1
137:   1.0000  0.0000  0.0000  0.0000  1
138:   0.0000  0.0000  0.8306  0.1694  1
139:   0.0000  1.0000  0.0000  0.0000  1
140:   0.8514  0.1164  0.0322  0.0000  1
141:   0.0000  0.0010  0.0000  0.9990  1
142:   0.0000  0.8952  0.1048  0.0000  1
143:   0.5440  0.3948  0.0000  0.0611  1
144:   0.0000  1.0000  0.0000  0.0000  1
145:   0.0000  1.0000  0.0000  0.0000  1
146:   0.0000  0.1221  0.8779  0.0000  1
147:   0.0600  0.0000  0.2985  0.6416  1
148:   0.0000  0.8430  0.0000  0.1570  1
149:   0.6670  0.3330  0.0000  0.0000  1
150:   0.8700  0.0522  0.0000  0.0778  1
151:   0.0286  0.0000  0.9714  0.0000  1
152:   0.6490  0.0859  0.0000  0.2651  1
153:   0.9555  0.0445  0.0000  0.0000  1
154:   0.8273  0.1727  0.0000  0.0000  1
155:   0.8524  0.1160  0.0316  0.0000  1
156:   0.8281  0.1719  0.0000  0.0000  1
157:   0.9243  0.0000  0.0000  0.0757  1
158:   0.0000  0.0000  1.0000  0.0000  1
159:   0.7050  0.0000  0.2671  0.0279  1
160:   0.0000  1.0000  0.0000  0.0000  1
161:   0.2241  0.0000  0.3341  0.4418  1
162:   0.0000  0.0000  0.9425  0.0575  1
163:   0.0000  1.0000  0.0000  0.0000  1
164:   0.0000  1.0000  0.0000  0.0000  1
165:   0.2186  0.0000  0.5257  0.2556  1
166:   1.0000  0.0000  0.0000  0.0000  1
167:   0.5092  0.0000  0.0000  0.4908  1
168:   0.0000  0.1426  0.2271  0.6303  1
169:   0.8616  0.1256  0.0000  0.0128  1
170:   0.1554  0.0000  0.5118  0.3328  1
171:   0.5820  0.0000  0.0000  0.4180  1
172:   0.9395  0.0000  0.0605  0.0000  1
173:   0.0904  0.9096  0.0000  0.0000  1
174:   1.0000  0.0000  0.0000  0.0000  1
175:   0.8447  0.1553  0.0000  0.0000  1
176:   0.5482  0.1600  0.1578  0.1340  1
177:   0.0000  1.0000  0.0000  0.0000  1
178:   0.3965  0.1975  0.0000  0.4060  1
179:   0.8293  0.0000  0.0000  0.1707  1
180:   0.6614  0.0000  0.0000  0.3386  1
181:   0.9232  0.0768  0.0000  0.0000  1
182:   1.0000  0.0000  0.0000  0.0000  1
183:   0.0000  1.0000  0.0000  0.0000  1
184:   0.0001  0.4457  0.4979  0.0563  1
185:   0.9995  0.0005  0.0000  0.0000  1
186:   0.9136  0.0000  0.0000  0.0864  1
187:   0.0690  0.0000  0.0000  0.9310  1
188:   0.0000  0.3163  0.0913  0.5924  1
189:   0.0000  0.0000  0.6412  0.3588  1
190:   0.6305  0.1668  0.0000  0.2027  1
191:   0.0000  1.0000  0.0000  0.0000  1
192:   0.0000  0.0000  0.5367  0.4633  1
193:   0.0000  1.0000  0.0000  0.0000  1
194:   0.4478  0.0130  0.0000  0.5393  1
195:   0.0000  0.0000  0.8550  0.1450  1
196:   1.0000  0.0000  0.0000  0.0000  1
197:   0.0000  0.4432  0.5568  0.0000  1
198:   0.9634  0.0366  0.0000  0.0000  1
199:   0.5055  0.0000  0.0505  0.4440  1
200:   0.1337  0.0000  0.8663  0.0000  1
201:   0.0000  0.2390  0.2135  0.5475  1
202:   0.0000  1.0000  0.0000  0.0000  1
203:   0.0000  1.0000  0.0000  0.0000  1
204:   0.0000  1.0000  0.0000  0.0000  1
205:   0.0000  1.0000  0.0000  0.0000  1
206:   0.1742  0.0000  0.7407  0.0851  1
207:   0.7365  0.0000  0.2635  0.0000  1
208:   0.0000  0.7018  0.2982  0.0000  1
209:   1.0000  0.0000  0.0000  0.0000  1
210:   0.0000  1.0000  0.0000  0.0000  1
211:   0.0000  0.8351  0.0000  0.1649  1
212:   0.0000  0.0000  1.0000  0.0000  1
213:   0.0000  1.0000  0.0000  0.0000  1
214:   0.0000  0.0003  0.7817  0.2180  1
215:   0.0011  0.9989  0.0000  0.0000  1
216:   0.0000  0.0000  0.2692  0.7308  1
217:   0.0000  1.0000  0.0000  0.0000  1
218:   0.0000  0.0000  0.3855  0.6145  1
219:   0.3972  0.0001  0.0000  0.6026  1
220:   0.3155  0.6354  0.0000  0.0491  1
221:   0.0000  1.0000  0.0000  0.0000  1
222:   0.0000  1.0000  0.0000  0.0000  1
223:   0.9337  0.0540  0.0000  0.0123  1
224:   0.0000  1.0000  0.0000  0.0000  1
225:   0.0000  1.0000  0.0000  0.0000  1
226:   0.0000  0.9907  0.0000  0.0093  1
227:   0.0000  0.9981  0.0012  0.0007  1
228:   0.0696  0.0000  0.9289  0.0015  1
229:   0.0050  0.0000  0.9950  0.0000  1
230:   0.6567  0.3117  0.0000  0.0316  1

  1:   0.0000  1.0000  0.0000  0.0000  1
  2:   1.0000  0.0000  0.0000  0.0000  1
  3:   1.0000  0.0000  0.0000  0.0000  1
  4:   1.0000  0.0000  0.0000  0.0000  1
  5:   1.0000  0.0000  0.0000  0.0000  1
  6:   0.0000  0.0000  0.4774  0.5226  1
  7:   0.0000  0.0000  0.9730  0.0270  1
  8:   0.8712  0.0391  0.0000  0.0897  1
  9:   1.0000  0.0000  0.0000  0.0000  1
 10:   0.0000  0.0000  0.0000  1.0000  1
 11:   1.0000  0.0000  0.0000  0.0000  1
 12:   1.0000  0.0000  0.0000  0.0000  1
 13:   1.0000  0.0000  0.0000  0.0000  1
 14:   0.0000  0.0000  0.5296  0.4704  1
 15:   1.0000  0.0000  0.0000  0.0000  1
 16:   0.0000  0.0000  0.9029  0.0971  1
 17:   1.0000  0.0000  0.0000  0.0000  1
 18:   1.0000  0.0000  0.0000  0.0000  1
 19:   0.0000  0.0000  0.9675  0.0325  1
 20:   1.0000  0.0000  0.0000  0.0000  1
 21:   1.0000  0.0000  0.0000  0.0000  1
 22:   1.0000  0.0000  0.0000  0.0000  1
 23:   0.0000  0.0000  0.7590  0.2410  1
 24:   0.0000  0.0000  0.9998  0.0002  1
 25:   0.9208  0.0792  0.0000  0.0000  1
 26:   0.0000  0.0000  0.0000  1.0000  1
 27:   1.0000  0.0000  0.0000  0.0000  1
 28:   0.0000  0.0000  0.8490  0.1510  1
 29:   1.0000  0.0000  0.0000  0.0000  1
 30:   1.0000  0.0000  0.0000  0.0000  1
 31:   0.0000  1.0000  0.0000  0.0000  1
 32:   0.0000  0.0000  0.0000  1.0000  1
 33:   0.1076  0.0000  0.6801  0.2123  1
 34:   0.0000  0.0000  0.0000  1.0000  1
 35:   0.0255  0.0000  0.9364  0.0382  1
 36:   0.0000  0.0000  0.0000  1.0000  1
 37:   0.0828  0.0000  0.3084  0.6088  1
 38:   1.0000  0.0000  0.0000  0.0000  1
 39:   0.0000  0.0762  0.8260  0.0978  1
 40:   0.9087  0.0000  0.0000  0.0913  1
 41:   1.0000  0.0000  0.0000  0.0000  1
 42:   1.0000  0.0000  0.0000  0.0000  1
 43:   0.9581  0.0135  0.0283  0.0000  1
 44:   0.1489  0.0000  0.1104  0.7407  1
 45:   0.0000  0.0427  0.2171  0.7402  1
 46:   1.0000  0.0000  0.0000  0.0000  1
 47:   0.0000  0.0773  0.9227  0.0000  1
 48:   0.0000  0.0000  0.2482  0.7518  1
 49:   0.0000  0.0485  0.9515  0.0000  1
 50:   0.0000  0.0000  0.5905  0.4095  1
 51:   1.0000  0.0000  0.0000  0.0000  1
 52:   1.0000  0.0000  0.0000  0.0000  1
 53:   0.0000  0.0000  0.0000  1.0000  1
 54:   0.0000  1.0000  0.0000  0.0000  1
 55:   0.0000  0.0000  1.0000  0.0000  1
 56:   0.0000  1.0000  0.0000  0.0000  1
 57:   0.0000  0.0000  0.0000  1.0000  1
 58:   0.0600  0.0000  0.4594  0.4806  1
 59:   1.0000  0.0000  0.0000  0.0000  1
 60:   0.0000  0.0000  0.0953  0.9047  1
 61:   0.0000  0.0000  0.0000  1.0000  1
 62:   1.0000  0.0000  0.0000  0.0000  1
 63:   0.0000  0.0467  0.5260  0.4273  1
 64:   0.0000  0.0000  0.8139  0.1861  1
 65:   0.0000  0.1061  0.0000  0.8939  1
 66:   1.0000  0.0000  0.0000  0.0000  1
 67:   0.0000  0.8923  0.0000  0.1077  1
 68:   0.0000  1.0000  0.0000  0.0000  1
 69:   0.0000  0.0000  0.0000  1.0000  1
 70:   0.0000  0.0000  0.0000  1.0000  1
 71:   1.0000  0.0000  0.0000  0.0000  1
 72:   0.8759  0.1241  0.0000  0.0000  1
 73:   0.9460  0.0000  0.0540  0.0000  1
 74:   0.0000  0.0425  0.0000  0.9575  1
 75:   0.0000  0.0000  0.2390  0.7610  1
 76:   0.0000  0.0000  0.0000  1.0000  1
 77:   0.9435  0.0068  0.0000  0.0496  1
 78:   0.0000  1.0000  0.0000  0.0000  1
 79:   0.0000  0.0000  0.0000  1.0000  1
 80:   1.0000  0.0000  0.0000  0.0000  1
 81:   0.0000  1.0000  0.0000  0.0000  1
 82:   0.0000  0.0000  1.0000  0.0000  1
 83:   0.0746  0.0000  0.7250  0.2003  1
 84:   0.0000  0.0000  0.0000  1.0000  1
 85:   0.0000  0.0000  0.1964  0.8036  1
 86:   0.0000  0.0000  1.0000  0.0000  1
 87:   0.8073  0.0000  0.0000  0.1927  1
 88:   0.0000  0.0000  1.0000  0.0000  1
 89:   0.0000  0.0000  0.0000  1.0000  1
 90:   1.0000  0.0000  0.0000  0.0000  1
 91:   0.0000  0.0000  0.7742  0.2258  1
 92:   0.0000  0.0000  0.7476  0.2524  1
 93:   0.0000  1.0000  0.0000  0.0000  1
 94:   0.0000  1.0000  0.0000  0.0000  1
 95:   0.1291  0.0989  0.7720  0.0000  1
 96:   1.0000  0.0000  0.0000  0.0000  1
 97:   0.1583  0.0000  0.5900  0.2517  1
 98:   0.1335  0.0000  0.4415  0.4250  1
 99:   0.4060  0.0115  0.5825  0.0000  1
100:   0.5155  0.3517  0.0000  0.1328  1
101:   0.8300  0.0000  0.0000  0.1700  1
102:   1.0000  0.0000  0.0000  0.0000  1
103:   0.0000  0.0405  0.6460  0.3136  1
104:   0.5871  0.3180  0.0948  0.0000  1
105:   0.8144  0.0000  0.1134  0.0722  1
106:   1.0000  0.0000  0.0000  0.0000  1
107:   0.8396  0.0000  0.0000  0.1604  1
108:   0.9516  0.0484  0.0000  0.0000  1
109:   0.0000  0.0000  0.3021  0.6979  1
110:   0.9643  0.0357  0.0000  0.0000  1
111:   0.9721  0.0000  0.0279  0.0000  1
112:   0.0000  0.0000  0.8080  0.1920  1
113:   0.1669  0.0000  0.7279  0.1051  1
114:   0.1965  0.0827  0.3608  0.3600  1
115:   0.0405  0.0000  0.6062  0.3533  1
116:   0.5836  0.1784  0.0000  0.2381  1
117:   0.8263  0.1737  0.0000  0.0000  1
118:   0.0000  0.0000  0.9998  0.0002  1
119:   0.8566  0.1434  0.0000  0.0000  1
120:   0.7748  0.2252  0.0000  0.0000  1
121:   0.9700  0.0000  0.0000  0.0300  1
122:   0.8024  0.0000  0.0000  0.1976  1
123:   0.7130  0.2870  0.0000  0.0000  1
124:   0.0000  0.0000  0.2493  0.7507  1
125:   0.0004  0.0000  0.7864  0.2133  1
126:   1.0000  0.0000  0.0000  0.0000  1
127:   0.0000  0.0000  1.0000  0.0000  1
128:   0.0000  1.0000  0.0000  0.0000  1
129:   1.0000  0.0000  0.0000  0.0000  1
130:   0.0000  1.0000  0.0000  0.0000  1
131:   1.0000  0.0000  0.0000  0.0000  1
132:   0.0000  0.0000  0.0000  1.0000  1
133:   0.2175  0.7825  0.0000  0.0000  1
134:   0.1610  0.8390  0.0000  0.0000  1
135:   0.8092  0.0417  0.0000  0.1491  1
136:   0.0000  1.0000  0.0000  0.0000  1
137:   1.0000  0.0000  0.0000  0.0000  1
138:   0.0000  0.0000  0.8256  0.1744  1
139:   0.0000  0.9995  0.0005  0.0000  1
140:   0.8507  0.1120  0.0373  0.0000  1
141:   0.0000  0.0000  0.0000  1.0000  1
142:   0.0000  0.8853  0.1147  0.0000  1
143:   0.5477  0.3911  0.0000  0.0611  1
144:   0.0000  1.0000  0.0000  0.0000  1
145:   0.0000  1.0000  0.0000  0.0000  1
146:   0.0000  0.1217  0.8783  0.0000  1
147:   0.0563  0.0000  0.3055  0.6382  1
148:   0.0000  0.8431  0.0000  0.1569  1
149:   0.6655  0.3345  0.0000  0.0000  1
150:   0.8593  0.0668  0.0000  0.0739  1
151:   0.0000  0.0000  1.0000  0.0000  1
152:   0.6507  0.0820  0.0000  0.2673  1
153:   0.9554  0.0446  0.0000  0.0000  1
154:   0.8262  0.1738  0.0000  0.0000  1
155:   0.8473  0.1212  0.0315  0.0000  1
156:   0.8312  0.1688  0.0000  0.0000  1
157:   0.9248  0.0000  0.0000  0.0752  1
158:   0.0000  0.0000  1.0000  0.0000  1
159:   0.7038  0.0000  0.2706  0.0256  1
160:   0.0000  1.0000  0.0000  0.0000  1
161:   0.2221  0.0000  0.3387  0.4391  1
162:   0.0000  0.0000  0.9416  0.0584  1
163:   0.0000  1.0000  0.0000  0.0000  1
164:   0.0000  1.0000  0.0000  0.0000  1
165:   0.2209  0.0000  0.5208  0.2583  1
166:   1.0000  0.0000  0.0000  0.0000  1
167:   0.5092  0.0000  0.0000  0.4908  1
168:   0.0000  0.1486  0.2285  0.6229  1
169:   0.8670  0.1193  0.0000  0.0138  1
170:   0.1557  0.0000  0.5094  0.3349  1
171:   0.5816  0.0000  0.0000  0.4184  1
172:   0.9396  0.0000  0.0604  0.0000  1
173:   0.0903  0.9097  0.0000  0.0000  1
174:   1.0000  0.0000  0.0000  0.0000  1
175:   0.8357  0.1643  0.0000  0.0000  1
176:   0.5531  0.1529  0.1590  0.1350  1
177:   0.0000  1.0000  0.0000  0.0000  1
178:   0.3955  0.1942  0.0000  0.4103  1
179:   0.8292  0.0000  0.0000  0.1708  1
180:   0.6600  0.0000  0.0000  0.3400  1
181:   0.9245  0.0755  0.0000  0.0000  1
182:   1.0000  0.0000  0.0000  0.0000  1
183:   0.0000  1.0000  0.0000  0.0000  1
184:   0.0000  0.4350  0.4979  0.0672  1
185:   1.0000  0.0000  0.0000  0.0000  1
186:   0.9125  0.0000  0.0000  0.0875  1
187:   0.0691  0.0000  0.0000  0.9309  1
188:   0.0000  0.3031  0.1139  0.5830  1
189:   0.0000  0.0000  0.6350  0.3650  1
190:   0.6302  0.1659  0.0000  0.2038  1
191:   0.0000  1.0000  0.0000  0.0000  1
192:   0.0000  0.0000  0.5389  0.4611  1
193:   0.0000  1.0000  0.0000  0.0000  1
194:   0.4506  0.0079  0.0000  0.5414  1
195:   0.0000  0.0000  0.8511  0.1489  1
196:   1.0000  0.0000  0.0000  0.0000  1
197:   0.0000  0.4398  0.5602  0.0000  1
198:   0.9629  0.0371  0.0000  0.0000  1
199:   0.4976  0.0000  0.0591  0.4433  1
200:   0.1321  0.0000  0.8679  0.0000  1
201:   0.0000  0.1813  0.0000  0.8187  1
202:   0.0000  1.0000  0.0000  0.0000  1
203:   0.0000  1.0000  0.0000  0.0000  1
204:   0.0000  1.0000  0.0000  0.0000  1
205:   0.0000  1.0000  0.0000  0.0000  1
206:   0.1723  0.0000  0.7317  0.0960  1
207:   0.7348  0.0000  0.2652  0.0000  1
208:   0.0000  0.7007  0.2993  0.0000  1
209:   1.0000  0.0000  0.0000  0.0000  1
210:   0.0000  1.0000  0.0000  0.0000  1
211:   0.0000  0.8355  0.0000  0.1645  1
212:   0.0000  0.0000  1.0000  0.0000  1
213:   0.0000  1.0000  0.0000  0.0000  1
214:   0.0000  0.0000  0.7900  0.2100  1
215:   0.0000  1.0000  0.0000  0.0000  1
216:   0.0000  0.0000  0.2684  0.7316  1
217:   0.0000  1.0000  0.0000  0.0000  1
218:   0.0000  0.0000  0.3920  0.6080  1
219:   0.3911  0.0000  0.0000  0.6088  1
220:   0.1951  0.8049  0.0000  0.0000  1
221:   0.0000  1.0000  0.0000  0.0000  1
222:   0.0000  1.0000  0.0000  0.0000  1
223:   0.9386  0.0602  0.0000  0.0012  1
224:   0.0000  1.0000  0.0000  0.0000  1
225:   0.0000  1.0000  0.0000  0.0000  1
226:   0.0000  0.9995  0.0000  0.0005  1
227:   0.0000  0.9952  0.0000  0.0048  1
228:   0.0686  0.0000  0.9260  0.0054  1
229:   0.0000  0.0000  1.0000  0.0000  1
230:   0.6574  0.3110  0.0000  0.0316  1

