  1:   0.0000  0.8158  0.1842  1
  2:   0.0000  0.0000  1.0000  1
  3:   0.0000  0.0000  1.0000  1
  4:   0.0000  0.0000  1.0000  1
  5:   0.0000  0.0000  1.0000  1
  6:   0.5761  0.4239  0.0000  1
  7:   0.9854  0.0000  0.0146  1
  8:   0.0000  0.1138  0.8862  1
  9:   0.0000  0.0000  1.0000  1
 10:   0.0000  1.0000  0.0000  1
 11:   0.0000  0.0000  1.0000  1
 12:   0.0000  0.0000  1.0000  1
 13:   0.0000  0.0000  1.0000  1
 14:   0.9605  0.0395  0.0000  1
 15:   0.0000  0.0000  1.0000  1
 16:   1.0000  0.0000  0.0000  1
 17:   0.0000  0.0000  1.0000  1
 18:   0.0000  0.0000  1.0000  1
 19:   1.0000  0.0000  0.0000  1
 20:   0.0000  0.0000  1.0000  1
 21:   0.0000  0.0000  1.0000  1
 22:   0.0000  0.0000  1.0000  1
 23:   0.8830  0.1170  0.0000  1
 24:   1.0000  0.0000  0.0000  1
 25:   0.0000  0.0531  0.9469  1
 26:   0.6309  0.3691  0.0000  1
 27:   0.0000  0.0000  1.0000  1
 28:   0.9881  0.0119  0.0000  1
 29:   0.0000  0.0000  1.0000  1
 30:   0.0000  0.0000  1.0000  1
 31:   0.0000  0.3722  0.6278  1
 32:   0.0000  1.0000  0.0000  1
 33:   0.7166  0.1686  0.1149  1
 34:   0.0000  1.0000  0.0000  1
 35:   1.0000  0.0000  0.0000  1
 36:   0.5741  0.4259  0.0000  1
 37:   0.4486  0.5193  0.0321  1
 38:   0.0000  0.0000  1.0000  1
 39:   0.8991  0.1009  0.0000  1
 40:   0.0000  0.0679  0.9321  1
 41:   0.0000  0.0000  1.0000  1
 42:   0.0000  0.0000  1.0000  1
 43:   0.0105  0.0309  0.9586  1
 44:   0.3736  0.5196  0.1068  1
 45:   0.7143  0.2857  0.0000  1
 46:   0.0000  0.0000  1.0000  1
 47:   0.9441  0.0000  0.0559  1
 48:   0.3518  0.6482  0.0000  1
 49:   1.0000  0.0000  0.0000  1
 50:   1.0000  0.0000  0.0000  1
 51:   0.0000  0.0000  1.0000  1
 52:   0.0000  0.0000  1.0000  1
 53:   0.0000  1.0000  0.0000  1
 54:   0.0000  0.8178  0.1822  1
 55:   1.0000  0.0000  0.0000  1
 56:   0.0000  0.6914  0.3086  1
 57:   0.0000  1.0000  0.0000  1
 58:   0.9659  0.0341  0.0000  1
 59:   0.0000  0.0000  1.0000  1
 60:   0.1162  0.8838  0.0000  1
 61:   0.0000  1.0000  0.0000  1
 62:   0.0000  0.0000  1.0000  1
 63:   0.5280  0.4720  0.0000  1
 64:   0.9405  0.0595  0.0000  1
 65:   0.0000  1.0000  0.0000  1
 66:   0.0000  0.0000  1.0000  1
 67:   0.0000  1.0000  0.0000  1
 68:   0.0000  0.7095  0.2905  1
 69:   0.0000  1.0000  0.0000  1
 70:   0.0103  0.9897  0.0000  1
 71:   0.0000  0.0000  1.0000  1
 72:   0.0000  0.0807  0.9193  1
 73:   0.0446  0.0000  0.9554  1
 74:   0.0000  1.0000  0.0000  1
 75:   0.3153  0.6847  0.0000  1
 76:   0.0000  1.0000  0.0000  1
 77:   0.0000  0.0637  0.9363  1
 78:   0.0000  0.9685  0.0315  1
 79:   0.0000  1.0000  0.0000  1
 80:   0.0000  0.0000  1.0000  1
 81:   0.0000  0.7151  0.2849  1
 82:   1.0000  0.0000  0.0000  1
 83:   1.0000  0.0000  0.0000  1
 84:   0.0000  1.0000  0.0000  1
 85:   0.2374  0.7626  0.0000  1
 86:   1.0000  0.0000  0.0000  1
 87:   0.0000  0.2275  0.7725  1
 88:   1.0000  0.0000  0.0000  1
 89:   0.0000  1.0000  0.0000  1
 90:   0.0000  0.0000  1.0000  1
 91:   0.7966  0.2034  0.0000  1
 92:   0.9723  0.0277  0.0000  1
 93:   0.0000  0.5905  0.4095  1
 94:   0.0000  1.0000  0.0000  1
 95:   0.8030  0.0000  0.1970  1
 96:   0.0000  0.0000  1.0000  1
 97:   0.7303  0.1148  0.1549  1
 98:   0.6572  0.2332  0.1095  1
 99:   0.5793  0.0000  0.4207  1
100:   0.0000  0.3392  0.6608  1
101:   0.0000  0.2061  0.7939  1
102:   0.0000  0.0000  1.0000  1
103:   0.6866  0.3134  0.0000  1
104:   0.0969  0.0000  0.9031  1
105:   0.1654  0.0203  0.8144  1
106:   0.0000  0.0000  1.0000  1
107:   0.0000  0.2728  0.7272  1
108:   0.0000  0.0000  1.0000  1
109:   0.5634  0.4366  0.0000  1
110:   0.0000  0.0000  1.0000  1
111:   0.0369  0.0000  0.9631  1
112:   0.8783  0.1217  0.0000  1
113:   0.7429  0.0589  0.1982  1
114:   0.4508  0.3364  0.2129  1
115:   0.7512  0.2084  0.0404  1
116:   0.0000  0.3301  0.6699  1
117:   0.0000  0.1408  0.8592  1
118:   0.9336  0.0001  0.0663  1
119:   0.0000  0.0000  1.0000  1
120:   0.0000  0.0484  0.9516  1
121:   0.0000  0.0316  0.9684  1
122:   0.0000  0.2046  0.7954  1
123:   0.0000  0.2539  0.7461  1
124:   0.4445  0.5555  0.0000  1
125:   0.8531  0.1179  0.0290  1
126:   0.0000  0.0000  1.0000  1
127:   1.0000  0.0000  0.0000  1
128:   0.0000  0.5059  0.4941  1
129:   0.0000  0.0000  1.0000  1
130:   0.0000  0.9163  0.0837  1
131:   0.0000  0.0000  1.0000  1
132:   0.9685  0.0315  0.0000  1
133:   0.0000  0.7014  0.2986  1
134:   0.0000  0.5442  0.4558  1
135:   0.0000  0.1726  0.8274  1
136:   0.0000  0.6862  0.3138  1
137:   0.0000  0.0000  1.0000  1
138:   1.0000  0.0000  0.0000  1
139:   0.0322  0.3245  0.6433  1
140:   0.0592  0.0257  0.9151  1
141:   0.0000  1.0000  0.0000  1
142:   0.3619  0.3984  0.2397  1
143:   0.0000  0.3967  0.6033  1
144:   0.0000  0.4073  0.5927  1
145:   0.0000  0.3741  0.6259  1
146:   0.7747  0.2253  0.0000  1
147:   0.3984  0.5622  0.0394  1
148:   0.0000  0.9054  0.0946  1
149:   0.0000  0.0000  1.0000  1
150:   0.0000  0.0948  0.9052  1
151:   0.9058  0.0000  0.0942  1
152:   0.1122  0.2398  0.6480  1
153:   0.0000  0.0000  1.0000  1
154:   0.0000  0.0000  1.0000  1
155:   0.0000  0.0336  0.9664  1
156:   0.0000  0.0000  1.0000  1
157:   0.0000  0.0978  0.9022  1
158:   1.0000  0.0000  0.0000  1
159:   0.2869  0.0000  0.7131  1
160:   0.0000  0.7481  0.2519  1
161:   0.4250  0.3947  0.1804  1
162:   1.0000  0.0000  0.0000  1
163:   0.0000  0.1812  0.8188  1
164:   0.0000  0.3635  0.6365  1
165:   0.7549  0.0585  0.1866  1
166:   0.0000  0.0000  1.0000  1
167:   0.0000  0.5663  0.4337  1
168:   0.2955  0.7045  0.0000  1
169:   0.0000  0.0983  0.9017  1
170:   0.5686  0.2509  0.1805  1
171:   0.0000  0.4484  0.5516  1
172:   0.0523  0.0000  0.9477  1
173:   0.0000  0.3497  0.6503  1
174:   0.0000  0.0000  1.0000  1
175:   0.0000  0.0000  1.0000  1
176:   0.3416  0.0024  0.6560  1
177:   0.0000  0.5706  0.4294  1
178:   0.0000  0.5866  0.4134  1
179:   0.0000  0.1801  0.8199  1
180:   0.0000  0.3218  0.6782  1
181:   0.0000  0.0000  1.0000  1
182:   0.0000  0.0000  1.0000  1
183:   0.0000  0.6260  0.3740  1
184:   0.3469  0.3468  0.3063  1
185:   0.0000  0.0000  1.0000  1
186:   0.0000  0.0000  1.0000  1
187:   0.0000  0.9237  0.0763  1
188:   0.0000  1.0000  0.0000  1
189:   0.7756  0.2244  0.0000  1
190:   0.0000  0.2670  0.7330  1
191:   0.0000  1.0000  0.0000  1
192:   0.7240  0.2760  0.0000  1
193:   0.0000  0.4193  0.5807  1
194:   0.0000  0.5571  0.4429  1
195:   0.9296  0.0704  0.0000  1
196:   0.0000  0.0000  1.0000  1
197:   0.4847  0.1682  0.3471  1
198:   0.0000  0.0000  1.0000  1
199:   0.2110  0.3613  0.4277  1
200:   0.7462  0.0000  0.2538  1
201:   0.1796  0.8204  0.0000  1
202:   0.0000  1.0000  0.0000  1
203:   0.0000  0.5277  0.4723  1
204:   0.0000  0.8235  0.1765  1
205:   0.0000  0.6316  0.3684  1
206:   0.8132  0.0004  0.1864  1
207:   0.2225  0.0000  0.7775  1
208:   0.2212  0.3357  0.4430  1
209:   0.0000  0.0000  1.0000  1
210:   0.0000  1.0000  0.0000  1
211:   0.0000  0.5081  0.4919  1
212:   1.0000  0.0000  0.0000  1
213:   0.0000  0.6981  0.3019  1
214:   0.7446  0.2554  0.0000  1
215:   0.0644  0.3073  0.6283  1
216:   0.9751  0.0249  0.0000  1
217:   0.0000  1.0000  0.0000  1
218:   0.3169  0.6831  0.0000  1
219:   0.0000  0.6283  0.3717  1
220:   0.0000  0.4049  0.5951  1
221:   0.0000  0.4335  0.5665  1
222:   0.0000  1.0000  0.0000  1
223:   0.0000  0.0354  0.9646  1
224:   0.0386  0.7443  0.2171  1
225:   0.0000  1.0000  0.0000  1
226:   0.0000  0.8525  0.1475  1
227:   0.0020  0.6309  0.3670  1
228:   0.9172  0.0127  0.0700  1
229:   0.8830  0.0000  0.1170  1
230:   0.0000  0.0000  1.0000  1

  1:   0.0000  1.0000  0.0000  1
  2:   0.0000  0.0000  1.0000  1
  3:   0.0000  0.0000  1.0000  1
  4:   0.0000  0.0000  1.0000  1
  5:   0.0000  0.0000  1.0000  1
  6:   1.0000  0.0000  0.0000  1
  7:   0.8713  0.0000  0.1287  1
  8:   0.0000  0.0342  0.9658  1
  9:   0.0000  0.0000  1.0000  1
 10:   1.0000  0.0000  0.0000  1
 11:   0.0000  0.0000  1.0000  1
 12:   0.0000  0.0000  1.0000  1
 13:   0.0000  0.0000  1.0000  1
 14:   0.9925  0.0000  0.0075  1
 15:   0.0000  0.0000  1.0000  1
 16:   1.0000  0.0000  0.0000  1
 17:   0.0000  0.0000  1.0000  1
 18:   0.0000  0.0000  1.0000  1
 19:   0.9346  0.0000  0.0654  1
 20:   0.0000  0.0000  1.0000  1
 21:   0.0000  0.0000  1.0000  1
 22:   0.0000  0.0000  1.0000  1
 23:   1.0000  0.0000  0.0000  1
 24:   0.9303  0.0000  0.0697  1
 25:   0.0000  0.0797  0.9203  1
 26:   1.0000  0.0000  0.0000  1
 27:   0.0000  0.0000  1.0000  1
 28:   0.9197  0.0000  0.0803  1
 29:   0.0000  0.0000  1.0000  1
 30:   0.0000  0.0000  1.0000  1
 31:   0.0000  1.0000  0.0000  1
 32:   0.9222  0.0778  0.0000  1
 33:   0.8114  0.0000  0.1886  1
 34:   0.9504  0.0496  0.0000  1
 35:   0.8792  0.0000  0.1208  1
 36:   1.0000  0.0000  0.0000  1
 37:   0.8997  0.0060  0.0943  1
 38:   0.0000  0.0000  1.0000  1
 39:   0.9486  0.0127  0.0387  1
 40:   0.0000  0.0000  1.0000  1
 41:   0.0000  0.0000  1.0000  1
 42:   0.0000  0.0000  1.0000  1
 43:   0.0213  0.0158  0.9629  1
 44:   0.8320  0.0034  0.1646  1
 45:   0.9655  0.0345  0.0000  1
 46:   0.0000  0.0000  1.0000  1
 47:   0.8999  0.1001  0.0000  1
 48:   1.0000  0.0000  0.0000  1
 49:   0.8830  0.0495  0.0675  1
 50:   0.9488  0.0000  0.0512  1
 51:   0.0000  0.0000  1.0000  1
 52:   0.0000  0.0000  1.0000  1
 53:   0.9305  0.0695  0.0000  1
 54:   0.0000  1.0000  0.0000  1
 55:   0.9554  0.0000  0.0446  1
 56:   0.0000  1.0000  0.0000  1
 57:   0.9911  0.0089  0.0000  1
 58:   0.9180  0.0000  0.0820  1
 59:   0.0000  0.0000  1.0000  1
 60:   1.0000  0.0000  0.0000  1
 61:   1.0000  0.0000  0.0000  1
 62:   0.0000  0.0000  1.0000  1
 63:   0.9190  0.0810  0.0000  1
 64:   0.9711  0.0289  0.0000  1
 65:   0.7994  0.1511  0.0495  1
 66:   0.0000  0.0000  1.0000  1
 67:   0.0000  1.0000  0.0000  1
 68:   0.0000  1.0000  0.0000  1
 69:   0.9827  0.0173  0.0000  1
 70:   0.9683  0.0000  0.0317  1
 71:   0.0000  0.0000  1.0000  1
 72:   0.0000  0.1222  0.8778  1
 73:   0.0000  0.0000  1.0000  1
 74:   0.8141  0.1859  0.0000  1
 75:   1.0000  0.0000  0.0000  1
 76:   1.0000  0.0000  0.0000  1
 77:   0.0000  0.0283  0.9717  1
 78:   0.0000  1.0000  0.0000  1
 79:   1.0000  0.0000  0.0000  1
 80:   0.0000  0.0000  1.0000  1
 81:   0.0000  1.0000  0.0000  1
 82:   0.9692  0.0308  0.0000  1
 83:   0.8483  0.0000  0.1517  1
 84:   0.8566  0.1040  0.0394  1
 85:   1.0000  0.0000  0.0000  1
 86:   0.9154  0.0000  0.0846  1
 87:   0.0000  0.0000  1.0000  1
 88:   0.9388  0.0000  0.0612  1
 89:   1.0000  0.0000  0.0000  1
 90:   0.0000  0.0000  1.0000  1
 91:   1.0000  0.0000  0.0000  1
 92:   1.0000  0.0000  0.0000  1
 93:   0.0000  1.0000  0.0000  1
 94:   0.0000  1.0000  0.0000  1
 95:   0.7153  0.0209  0.2638  1
 96:   0.0000  0.0000  1.0000  1
 97:   0.8226  0.0000  0.1774  1
 98:   0.8373  0.0000  0.1627  1
 99:   0.5002  0.0000  0.4998  1
100:   0.0751  0.3812  0.5437  1
101:   0.0051  0.0000  0.9949  1
102:   0.0000  0.0000  1.0000  1
103:   0.9629  0.0371  0.0000  1
104:   0.0766  0.2973  0.6261  1
105:   0.1796  0.0000  0.8204  1
106:   0.0000  0.0000  1.0000  1
107:   0.0000  0.0000  1.0000  1
108:   0.0000  0.0449  0.9551  1
109:   1.0000  0.0000  0.0000  1
110:   0.0000  0.0408  0.9592  1
111:   0.0000  0.0000  1.0000  1
112:   0.9683  0.0000  0.0317  1
113:   0.7301  0.0000  0.2699  1
114:   0.6678  0.0953  0.2369  1
115:   0.9317  0.0000  0.0683  1
116:   0.1247  0.2157  0.6596  1
117:   0.0000  0.1726  0.8274  1
118:   0.9067  0.0000  0.0933  1
119:   0.0000  0.1567  0.8433  1
120:   0.0000  0.2172  0.7828  1
121:   0.0285  0.0000  0.9715  1
122:   0.0872  0.0143  0.8985  1
123:   0.0000  0.2670  0.7330  1
124:   0.9842  0.0158  0.0000  1
125:   0.9107  0.0000  0.0893  1
126:   0.0000  0.0000  1.0000  1
127:   0.9714  0.0000  0.0286  1
128:   0.0000  1.0000  0.0000  1
129:   0.0000  0.0000  1.0000  1
130:   0.0783  0.9217  0.0000  1
131:   0.0000  0.0000  1.0000  1
132:   1.0000  0.0000  0.0000  1
133:   0.0000  0.8050  0.1950  1
134:   0.0000  0.8165  0.1835  1
135:   0.0600  0.0702  0.8698  1
136:   0.0000  1.0000  0.0000  1
137:   0.0000  0.0000  1.0000  1
138:   1.0000  0.0000  0.0000  1
139:   0.0000  1.0000  0.0000  1
140:   0.0000  0.1143  0.8857  1
141:   0.7771  0.2229  0.0000  1
142:   0.0000  1.0000  0.0000  1
143:   0.0000  0.4169  0.5831  1
144:   0.0000  1.0000  0.0000  1
145:   0.0000  1.0000  0.0000  1
146:   0.8672  0.1328  0.0000  1
147:   0.9606  0.0000  0.0394  1
148:   0.0000  1.0000  0.0000  1
149:   0.0000  0.3187  0.6813  1
150:   0.0000  0.0305  0.9695  1
151:   0.7576  0.0000  0.2424  1
152:   0.2273  0.1553  0.6174  1
153:   0.0000  0.0366  0.9634  1
154:   0.0000  0.2036  0.7964  1
155:   0.0273  0.1342  0.8385  1
156:   0.0000  0.2008  0.7992  1
157:   0.0000  0.0000  1.0000  1
158:   0.7678  0.0000  0.2322  1
159:   0.2197  0.0000  0.7803  1
160:   0.0000  1.0000  0.0000  1
161:   0.7660  0.0000  0.2340  1
162:   0.8294  0.0000  0.1706  1
163:   0.0000  1.0000  0.0000  1
164:   0.0000  1.0000  0.0000  1
165:   0.6663  0.0000  0.3337  1
166:   0.0000  0.0000  1.0000  1
167:   0.1790  0.0000  0.8210  1
168:   0.7943  0.2057  0.0000  1
169:   0.0000  0.1333  0.8667  1
170:   0.7954  0.0000  0.2046  1
171:   0.2482  0.0457  0.7061  1
172:   0.0000  0.0000  1.0000  1
173:   0.0000  0.8982  0.1018  1
174:   0.0000  0.0000  1.0000  1
175:   0.0000  0.1392  0.8608  1
176:   0.2825  0.1922  0.5253  1
177:   0.0000  1.0000  0.0000  1
178:   0.1740  0.3097  0.5163  1
179:   0.0653  0.0000  0.9347  1
180:   0.2358  0.0000  0.7642  1
181:   0.0000  0.0726  0.9274  1
182:   0.0000  0.0000  1.0000  1
183:   0.0000  1.0000  0.0000  1
184:   0.5253  0.4263  0.0484  1
185:   0.0000  0.0000  1.0000  1
186:   0.0000  0.0000  1.0000  1
187:   0.9167  0.0000  0.0833  1
188:   0.7380  0.2620  0.0000  1
189:   1.0000  0.0000  0.0000  1
190:   0.0000  0.2661  0.7339  1
191:   0.0000  1.0000  0.0000  1
192:   1.0000  0.0000  0.0000  1
193:   0.0000  1.0000  0.0000  1
194:   0.1273  0.1994  0.6732  1
195:   0.9155  0.0000  0.0845  1
196:   0.0000  0.0000  1.0000  1
197:   0.0000  0.4488  0.5512  1
198:   0.0000  0.0409  0.9591  1
199:   0.5998  0.0000  0.4002  1
200:   0.3182  0.0000  0.6818  1
201:   0.6571  0.3429  0.0000  1
202:   0.0000  1.0000  0.0000  1
203:   0.0000  1.0000  0.0000  1
204:   0.0000  1.0000  0.0000  1
205:   0.0000  1.0000  0.0000  1
206:   0.7746  0.2254  0.0000  1
207:   0.1963  0.0000  0.8037  1
208:   0.1795  0.7327  0.0878  1
209:   0.0000  0.0000  1.0000  1
210:   0.0000  1.0000  0.0000  1
211:   0.0000  1.0000  0.0000  1
212:   0.9994  0.0000  0.0006  1
213:   0.0000  1.0000  0.0000  1
214:   1.0000  0.0000  0.0000  1
215:   0.0000  1.0000  0.0000  1
216:   1.0000  0.0000  0.0000  1
217:   0.0000  1.0000  0.0000  1
218:   1.0000  0.0000  0.0000  1
219:   0.3532  0.2262  0.4205  1
220:   0.0000  0.7095  0.2905  1
221:   0.0000  1.0000  0.0000  1
222:   0.0000  1.0000  0.0000  1
223:   0.0000  0.0283  0.9717  1
224:   0.0000  1.0000  0.0000  1
225:   0.0000  1.0000  0.0000  1
226:   0.0000  1.0000  0.0000  1
227:   0.0313  0.9687  0.0000  1
228:   1.0000  0.0000  0.0000  1
229:   0.9696  0.0000  0.0304  1
230:   0.0000  0.3139  0.6861  1

  1:   0.0000  0.8158  0.1842  1
  2:   0.0000  0.0000  1.0000  1
  3:   0.0000  0.0000  1.0000  1
  4:   0.0000  0.0000  1.0000  1
  5:   0.0000  0.0000  1.0000  1
  6:   0.5761  0.4239  0.0000  1
  7:   0.9854  0.0000  0.0146  1
  8:   0.0000  0.1138  0.8862  1
  9:   0.0000  0.0000  1.0000  1
 10:   0.0000  1.0000  0.0000  1
 11:   0.0000  0.0000  1.0000  1
 12:   0.0000  0.0000  1.0000  1
 13:   0.0000  0.0000  1.0000  1
 14:   0.9605  0.0395  0.0000  1
 15:   0.0000  0.0000  1.0000  1
 16:   1.0000  0.0000  0.0000  1
 17:   0.0000  0.0000  1.0000  1
 18:   0.0000  0.0000  1.0000  1
 19:   1.0000  0.0000  0.0000  1
 20:   0.0000  0.0000  1.0000  1
 21:   0.0000  0.0000  1.0000  1
 22:   0.0000  0.0000  1.0000  1
 23:   0.8830  0.1170  0.0000  1
 24:   1.0000  0.0000  0.0000  1
 25:   0.0000  0.0531  0.9469  1
 26:   0.6309  0.3691  0.0000  1
 27:   0.0000  0.0000  1.0000  1
 28:   0.9881  0.0119  0.0000  1
 29:   0.0000  0.0000  1.0000  1
 30:   0.0000  0.0000  1.0000  1
 31:   0.0000  0.3722  0.6278  1
 32:   0.0000  1.0000  0.0000  1
 33:   0.7166  0.1686  0.1149  1
 34:   0.0000  1.0000  0.0000  1
 35:   1.0000  0.0000  0.0000  1
 36:   0.5741  0.4259  0.0000  1
 37:   0.4486  0.5193  0.0321  1
 38:   0.0000  0.0000  1.0000  1
 39:   0.8991  0.1009  0.0000  1
 40:   0.0000  0.0679  0.9321  1
 41:   0.0000  0.0000  1.0000  1
 42:   0.0000  0.0000  1.0000  1
 43:   0.0105  0.0309  0.9586  1
 44:   0.3736  0.5196  0.1068  1
 45:   0.7143  0.2857  0.0000  1
 46:   0.0000  0.0000  1.0000  1
 47:   0.9441  0.0000  0.0559  1
 48:   0.3518  0.6482  0.0000  1
 49:   1.0000  0.0000  0.0000  1
 50:   1.0000  0.0000  0.0000  1
 51:   0.0000  0.0000  1.0000  1
 52:   0.0000  0.0000  1.0000  1
 53:   0.0000  1.0000  0.0000  1
 54:   0.0000  0.8178  0.1822  1
 55:   1.0000  0.0000  0.0000  1
 56:   0.0000  0.6914  0.3086  1
 57:   0.0000  1.0000  0.0000  1
 58:   0.9659  0.0341  0.0000  1
 59:   0.0000  0.0000  1.0000  1
 60:   0.1162  0.8838  0.0000  1
 61:   0.0000  1.0000  0.0000  1
 62:   0.0000  0.0000  1.0000  1
 63:   0.5280  0.4720  0.0000  1
 64:   0.9405  0.0595  0.0000  1
 65:   0.0000  1.0000  0.0000  1
 66:   0.0000  0.0000  1.0000  1
 67:   0.0000  1.0000  0.0000  1
 68:   0.0000  0.7095  0.2905  1
 69:   0.0000  1.0000  0.0000  1
 70:   0.0103  0.9897  0.0000  1
 71:   0.0000  0.0000  1.0000  1
 72:   0.0000  0.0807  0.9193  1
 73:   0.0446  0.0000  0.9554  1
 74:   0.0000  1.0000  0.0000  1
 75:   0.3153  0.6847  0.0000  1
 76:   0.0000  1.0000  0.0000  1
 77:   0.0000  0.0637  0.9363  1
 78:   0.0000  0.9685  0.0315  1
 79:   0.0000  1.0000  0.0000  1
 80:   0.0000  0.0000  1.0000  1
 81:   0.0000  0.7151  0.2849  1
 82:   1.0000  0.0000  0.0000  1
 83:   1.0000  0.0000  0.0000  1
 84:   0.0000  1.0000  0.0000  1
 85:   0.2374  0.7626  0.0000  1
 86:   1.0000  0.0000  0.0000  1
 87:   0.0000  0.2275  0.7725  1
 88:   1.0000  0.0000  0.0000  1
 89:   0.0000  1.0000  0.0000  1
 90:   0.0000  0.0000  1.0000  1
 91:   0.7966  0.2034  0.0000  1
 92:   0.9723  0.0277  0.0000  1
 93:   0.0000  0.5905  0.4095  1
 94:   0.0000  1.0000  0.0000  1
 95:   0.8030  0.0000  0.1970  1
 96:   0.0000  0.0000  1.0000  1
 97:   0.7303  0.1148  0.1549  1
 98:   0.6572  0.2332  0.1095  1
 99:   0.5793  0.0000  0.4207  1
100:   0.0000  0.3392  0.6608  1
101:   0.0000  0.2061  0.7939  1
102:   0.0000  0.0000  1.0000  1
103:   0.6866  0.3134  0.0000  1
104:   0.0969  0.0000  0.9031  1
105:   0.1654  0.0203  0.8144  1
106:   0.0000  0.0000  1.0000  1
107:   0.0000  0.2728  0.7272  1
108:   0.0000  0.0000  1.0000  1
109:   0.5634  0.4366  0.0000  1
110:   0.0000  0.0000  1.0000  1
111:   0.0369  0.0000  0.9631  1
112:   0.8783  0.1217  0.0000  1
113:   0.7429  0.0589  0.1982  1
114:   0.4508  0.3364  0.2129  1
115:   0.7512  0.2084  0.0404  1
116:   0.0000  0.3301  0.6699  1
117:   0.0000  0.1408  0.8592  1
118:   0.9336  0.0001  0.0663  1
119:   0.0000  0.0000  1.0000  1
120:   0.0000  0.0484  0.9516  1
121:   0.0000  0.0316  0.9684  1
122:   0.0000  0.2046  0.7954  1
123:   0.0000  0.2539  0.7461  1
124:   0.4445  0.5555  0.0000  1
125:   0.8531  0.1179  0.0290  1
126:   0.0000  0.0000  1.0000  1
127:   1.0000  0.0000  0.0000  1
128:   0.0000  0.5059  0.4941  1
129:   0.0000  0.0000  1.0000  1
130:   0.0000  0.9163  0.0837  1
131:   0.0000  0.0000  1.0000  1
132:   0.9685  0.0315  0.0000  1
133:   0.0000  0.7014  0.2986  1
134:   0.0000  0.5442  0.4558  1
135:   0.0000  0.1726  0.8274  1
136:   0.0000  0.6862  0.3138  1
137:   0.0000  0.0000  1.0000  1
138:   1.0000  0.0000  0.0000  1
139:   0.0322  0.3245  0.6433  1
140:   0.0592  0.0257  0.9151  1
141:   0.0000  1.0000  0.0000  1
142:   0.3619  0.3984  0.2397  1
143:   0.0000  0.3967  0.6033  1
144:   0.0000  0.4073  0.5927  1
145:   0.0000  0.3741  0.6259  1
146:   0.7747  0.2253  0.0000  1
147:   0.3984  0.5622  0.0394  1
148:   0.0000  0.9054  0.0946  1
149:   0.0000  0.0000  1.0000  1
150:   0.0000  0.0948  0.9052  1
151:   0.9058  0.0000  0.0942  1
152:   0.1122  0.2398  0.6480  1
153:   0.0000  0.0000  1.0000  1
154:   0.0000  0.0000  1.0000  1
155:   0.0000  0.0336  0.9664  1
156:   0.0000  0.0000  1.0000  1
157:   0.0000  0.0978  0.9022  1
158:   1.0000  0.0000  0.0000  1
159:   0.2869  0.0000  0.7131  1
160:   0.0000  0.7481  0.2519  1
161:   0.4250  0.3947  0.1804  1
162:   1.0000  0.0000  0.0000  1
163:   0.0000  0.1812  0.8188  1
164:   0.0000  0.3635  0.6365  1
165:   0.7549  0.0585  0.1866  1
166:   0.0000  0.0000  1.0000  1
167:   0.0000  0.5663  0.4337  1
168:   0.2955  0.7045  0.0000  1
169:   0.0000  0.0983  0.9017  1
170:   0.5686  0.2509  0.1805  1
171:   0.0000  0.4484  0.5516  1
172:   0.0523  0.0000  0.9477  1
173:   0.0000  0.3497  0.6503  1
174:   0.0000  0.0000  1.0000  1
175:   0.0000  0.0000  1.0000  1
176:   0.3416  0.0024  0.6560  1
177:   0.0000  0.5706  0.4294  1
178:   0.0000  0.5866  0.4134  1
179:   0.0000  0.1801  0.8199  1
180:   0.0000  0.3218  0.6782  1
181:   0.0000  0.0000  1.0000  1
182:   0.0000  0.0000  1.0000  1
183:   0.0000  0.6260  0.3740  1
184:   0.3469  0.3468  0.3063  1
185:   0.0000  0.0000  1.0000  1
186:   0.0000  0.0000  1.0000  1
187:   0.0000  0.9237  0.0763  1
188:   0.0000  1.0000  0.0000  1
189:   0.7756  0.2244  0.0000  1
190:   0.0000  0.2670  0.7330  1
191:   0.0000  1.0000  0.0000  1
192:   0.7240  0.2760  0.0000  1
193:   0.0000  0.4193  0.5807  1
194:   0.0000  0.5571  0.4429  1
195:   0.9296  0.0704  0.0000  1
196:   0.0000  0.0000  1.0000  1
197:   0.4847  0.1682  0.3471  1
198:   0.0000  0.0000  1.0000  1
199:   0.2110  0.3613  0.4277  1
200:   0.7462  0.0000  0.2538  1
201:   0.1796  0.8204  0.0000  1
202:   0.0000  1.0000  0.0000  1
203:   0.0000  0.5277  0.4723  1
204:   0.0000  0.8235  0.1765  1
205:   0.0000  0.6316  0.3684  1
206:   0.8132  0.0004  0.1864  1
207:   0.2225  0.0000  0.7775  1
208:   0.2212  0.3357  0.4430  1
209:   0.0000  0.0000  1.0000  1
210:   0.0000  1.0000  0.0000  1
211:   0.0000  0.5081  0.4919  1
212:   1.0000  0.0000  0.0000  1
213:   0.0000  0.6981  0.3019  1
214:   0.7446  0.2554  0.0000  1
215:   0.0644  0.3073  0.6283  1
216:   0.9751  0.0249  0.0000  1
217:   0.0000  1.0000  0.0000  1
218:   0.3169  0.6831  0.0000  1
219:   0.0000  0.6283  0.3717  1
220:   0.0000  0.4049  0.5951  1
221:   0.0000  0.4335  0.5665  1
222:   0.0000  1.0000  0.0000  1
223:   0.0000  0.0354  0.9646  1
224:   0.0386  0.7443  0.2171  1
225:   0.0000  1.0000  0.0000  1
226:   0.0000  0.8525  0.1475  1
227:   0.0020  0.6309  0.3670  1
228:   0.9172  0.0127  0.0700  1
229:   0.8830  0.0000  0.1170  1
230:   0.0000  0.0000  1.0000  1

  1:   0.0000  0.8158  0.1842  1
  2:   0.0000  0.0000  1.0000  1
  3:   0.0000  0.0000  1.0000  1
  4:   0.0000  0.0000  1.0000  1
  5:   0.0000  0.0000  1.0000  1
  6:   0.5761  0.4239  0.0000  1
  7:   0.9854  0.0000  0.0146  1
  8:   0.0000  0.1138  0.8862  1
  9:   0.0000  0.0000  1.0000  1
 10:   0.0000  1.0000  0.0000  1
 11:   0.0000  0.0000  1.0000  1
 12:   0.0000  0.0000  1.0000  1
 13:   0.0000  0.0000  1.0000  1
 14:   0.9605  0.0395  0.0000  1
 15:   0.0000  0.0000  1.0000  1
 16:   1.0000  0.0000  0.0000  1
 17:   0.0000  0.0000  1.0000  1
 18:   0.0000  0.0000  1.0000  1
 19:   1.0000  0.0000  0.0000  1
 20:   0.0000  0.0000  1.0000  1
 21:   0.0000  0.0000  1.0000  1
 22:   0.0000  0.0000  1.0000  1
 23:   0.8830  0.1170  0.0000  1
 24:   1.0000  0.0000  0.0000  1
 25:   0.0000  0.0531  0.9469  1
 26:   0.6309  0.3691  0.0000  1
 27:   0.0000  0.0000  1.0000  1
 28:   0.9881  0.0119  0.0000  1
 29:   0.0000  0.0000  1.0000  1
 30:   0.0000  0.0000  1.0000  1
 31:   0.0000  0.3722  0.6278  1
 32:   0.0000  1.0000  0.0000  1
 33:   0.7166  0.1686  0.1149  1
 34:   0.0000  1.0000  0.0000  1
 35:   1.0000  0.0000  0.0000  1
 36:   0.5741  0.4259  0.0000  1
 37:   0.4486  0.5193  0.0321  1
 38:   0.0000  0.0000  1.0000  1
 39:   0.8991  0.1009  0.0000  1
 40:   0.0000  0.0679  0.9321  1
 41:   0.0000  0.0000  1.0000  1
 42:   0.0000  0.0000  1.0000  1
 43:   0.0105  0.0309  0.9586  1
 44:   0.3736  0.5196  0.1068  1
 45:   0.7143  0.2857  0.0000  1
 46:   0.0000  0.0000  1.0000  1
 47:   0.9441  0.0000  0.0559  1
 48:   0.3518  0.6482  0.0000  1
 49:   1.0000  0.0000  0.0000  1
 50:   1.0000  0.0000  0.0000  1
 51:   0.0000  0.0000  1.0000  1
 52:   0.0000  0.0000  1.0000  1
 53:   0.0000  1.0000  0.0000  1
 54:   0.0000  0.8178  0.1822  1
 55:   1.0000  0.0000  0.0000  1
 56:   0.0000  0.6914  0.3086  1
 57:   0.0000  1.0000  0.0000  1
 58:   0.9659  0.0341  0.0000  1
 59:   0.0000  0.0000  1.0000  1
 60:   0.1162  0.8838  0.0000  1
 61:   0.0000  1.0000  0.0000  1
 62:   0.0000  0.0000  1.0000  1
 63:   0.5280  0.4720  0.0000  1
 64:   0.9405  0.0595  0.0000  1
 65:   0.0000  1.0000  0.0000  1
 66:   0.0000  0.0000  1.0000  1
 67:   0.0000  1.0000  0.0000  1
 68:   0.0000  0.7095  0.2905  1
 69:   0.0000  1.0000  0.0000  1
 70:   0.0103  0.9897  0.0000  1
 71:   0.0000  0.0000  1.0000  1
 72:   0.0000  0.0807  0.9193  1
 73:   0.0446  0.0000  0.9554  1
 74:   0.0000  1.0000  0.0000  1
 75:   0.3153  0.6847  0.0000  1
 76:   0.0000  1.0000  0.0000  1
 77:   0.0000  0.0637  0.9363  1
 78:   0.0000  0.9685  0.0315  1
 79:   0.0000  1.0000  0.0000  1
 80:   0.0000  0.0000  1.0000  1
 81:   0.0000  0.7151  0.2849  1
 82:   1.0000  0.0000  0.0000  1
 83:   1.0000  0.0000  0.0000  1
 84:   0.0000  1.0000  0.0000  1
 85:   0.2374  0.7626  0.0000  1
 86:   1.0000  0.0000  0.0000  1
 87:   0.0000  0.2275  0.7725  1
 88:   1.0000  0.0000  0.0000  1
 89:   0.0000  1.0000  0.0000  1
 90:   0.0000  0.0000  1.0000  1
 91:   0.7966  0.2034  0.0000  1
 92:   0.9723  0.0277  0.0000  1
 93:   0.0000  0.5905  0.4095  1
 94:   0.0000  1.0000  0.0000  1
 95:   0.8030  0.0000  0.1970  1
 96:   0.0000  0.0000  1.0000  1
 97:   0.7303  0.1148  0.1549  1
 98:   0.6572  0.2332  0.1095  1
 99:   0.5793  0.0000  0.4207  1
100:   0.0000  0.3392  0.6608  1
101:   0.0000  0.2061  0.7939  1
102:   0.0000  0.0000  1.0000  1
103:   0.6866  0.3134  0.0000  1
104:   0.0969  0.0000  0.9031  1
105:   0.1654  0.0203  0.8144  1
106:   0.0000  0.0000  1.0000  1
107:   0.0000  0.2728  0.7272  1
108:   0.0000  0.0000  1.0000  1
109:   0.5634  0.4366  0.0000  1
110:   0.0000  0.0000  1.0000  1
111:   0.0369  0.0000  0.9631  1
112:   0.8783  0.1217  0.0000  1
113:   0.7429  0.0589  0.1982  1
114:   0.4508  0.3364  0.2129  1
115:   0.7512  0.2084  0.0404  1
116:   0.0000  0.3301  0.6699  1
117:   0.0000  0.1408  0.8592  1
118:   0.9336  0.0001  0.0663  1
119:   0.0000  0.0000  1.0000  1
120:   0.0000  0.0484  0.9516  1
121:   0.0000  0.0316  0.9684  1
122:   0.0000  0.2046  0.7954  1
123:   0.0000  0.2539  0.7461  1
124:   0.4445  0.5555  0.0000  1
125:   0.8531  0.1179  0.0290  1
126:   0.0000  0.0000  1.0000  1
127:   1.0000  0.0000  0.0000  1
128:   0.0000  0.5059  0.4941  1
129:   0.0000  0.0000  1.0000  1
130:   0.0000  0.9163  0.0837  1
131:   0.0000  0.0000  1.0000  1
132:   0.9685  0.0315  0.0000  1
133:   0.0000  0.7014  0.2986  1
134:   0.0000  0.5442  0.4558  1
135:   0.0000  0.1726  0.8274  1
136:   0.0000  0.6862  0.3138  1
137:   0.0000  0.0000  1.0000  1
138:   1.0000  0.0000  0.0000  1
139:   0.0322  0.3245  0.6433  1
140:   0.0592  0.0257  0.9151  1
141:   0.0000  1.0000  0.0000  1
142:   0.3619  0.3984  0.2397  1
143:   0.0000  0.3967  0.6033  1
144:   0.0000  0.4073  0.5927  1
145:   0.0000  0.3741  0.6259  1
146:   0.7747  0.2253  0.0000  1
147:   0.3984  0.5622  0.0394  1
148:   0.0000  0.9054  0.0946  1
149:   0.0000  0.0000  1.0000  1
150:   0.0000  0.0948  0.9052  1
151:   0.9058  0.0000  0.0942  1
152:   0.1122  0.2398  0.6480  1
153:   0.0000  0.0000  1.0000  1
154:   0.0000  0.0000  1.0000  1
155:   0.0000  0.0336  0.9664  1
156:   0.0000  0.0000  1.0000  1
157:   0.0000  0.0978  0.9022  1
158:   1.0000  0.0000  0.0000  1
159:   0.2869  0.0000  0.7131  1
160:   0.0000  0.7481  0.2519  1
161:   0.4250  0.3947  0.1804  1
162:   1.0000  0.0000  0.0000  1
163:   0.0000  0.1812  0.8188  1
164:   0.0000  0.3635  0.6365  1
165:   0.7549  0.0585  0.1866  1
166:   0.0000  0.0000  1.0000  1
167:   0.0000  0.5663  0.4337  1
168:   0.2955  0.7045  0.0000  1
169:   0.0000  0.0983  0.9017  1
170:   0.5686  0.2509  0.1805  1
171:   0.0000  0.4484  0.5516  1
172:   0.0523  0.0000  0.9477  1
173:   0.0000  0.3497  0.6503  1
174:   0.0000  0.0000  1.0000  1
175:   0.0000  0.0000  1.0000  1
176:   0.3416  0.0024  0.6560  1
177:   0.0000  0.5706  0.4294  1
178:   0.0000  0.5866  0.4134  1
179:   0.0000  0.1801  0.8199  1
180:   0.0000  0.3218  0.6782  1
181:   0.0000  0.0000  1.0000  1
182:   0.0000  0.0000  1.0000  1
183:   0.0000  0.6260  0.3740  1
184:   0.3469  0.3468  0.3063  1
185:   0.0000  0.0000  1.0000  1
186:   0.0000  0.0000  1.0000  1
187:   0.0000  0.9237  0.0763  1
188:   0.0000  1.0000  0.0000  1
189:   0.7756  0.2244  0.0000  1
190:   0.0000  0.2670  0.7330  1
191:   0.0000  1.0000  0.0000  1
192:   0.7240  0.2760  0.0000  1
193:   0.0000  0.4193  0.5807  1
194:   0.0000  0.5571  0.4429  1
195:   0.9296  0.0704  0.0000  1
196:   0.0000  0.0000  1.0000  1
197:   0.4847  0.1682  0.3471  1
198:   0.0000  0.0000  1.0000  1
199:   0.2110  0.3613  0.4277  1
200:   0.7462  0.0000  0.2538  1
201:   0.1796  0.8204  0.0000  1
202:   0.0000  1.0000  0.0000  1
203:   0.0000  0.5277  0.4723  1
204:   0.0000  0.8235  0.1765  1
205:   0.0000  0.6316  0.3684  1
206:   0.8132  0.0004  0.1864  1
207:   0.2225  0.0000  0.7775  1
208:   0.2212  0.3357  0.4430  1
209:   0.0000  0.0000  1.0000  1
210:   0.0000  1.0000  0.0000  1
211:   0.0000  0.5081  0.4919  1
212:   1.0000  0.0000  0.0000  1
213:   0.0000  0.6981  0.3019  1
214:   0.7446  0.2554  0.0000  1
215:   0.0644  0.3073  0.6283  1
216:   0.9751  0.0249  0.0000  1
217:   0.0000  1.0000  0.0000  1
218:   0.3169  0.6831  0.0000  1
219:   0.0000  0.6283  0.3717  1
220:   0.0000  0.4049  0.5951  1
221:   0.0000  0.4335  0.5665  1
222:   0.0000  1.0000  0.0000  1
223:   0.0000  0.0354  0.9646  1
224:   0.0386  0.7443  0.2171  1
225:   0.0000  1.0000  0.0000  1
226:   0.0000  0.8525  0.1475  1
227:   0.0020  0.6309  0.3670  1
228:   0.9172  0.0127  0.0700  1
229:   0.8830  0.0000  0.1170  1
230:   0.0000  0.0000  1.0000  1

  1:   0.0000  1.0000  0.0000  1
  2:   0.0000  0.0000  1.0000  1
  3:   0.0000  0.0000  1.0000  1
  4:   0.0000  0.0000  1.0000  1
  5:   0.0000  0.0000  1.0000  1
  6:   1.0000  0.0000  0.0000  1
  7:   0.8703  0.0000  0.1297  1
  8:   0.0000  0.0385  0.9615  1
  9:   0.0000  0.0000  1.0000  1
 10:   1.0000  0.0000  0.0000  1
 11:   0.0000  0.0000  1.0000  1
 12:   0.0000  0.0000  1.0000  1
 13:   0.0000  0.0000  1.0000  1
 14:   0.9921  0.0000  0.0079  1
 15:   0.0000  0.0000  1.0000  1
 16:   1.0000  0.0000  0.0000  1
 17:   0.0000  0.0000  1.0000  1
 18:   0.0000  0.0000  1.0000  1
 19:   0.9340  0.0000  0.0660  1
 20:   0.0000  0.0000  1.0000  1
 21:   0.0000  0.0000  1.0000  1
 22:   0.0000  0.0000  1.0000  1
 23:   1.0000  0.0000  0.0000  1
 24:   0.9296  0.0000  0.0704  1
 25:   0.0000  0.0792  0.9208  1
 26:   1.0000  0.0000  0.0000  1
 27:   0.0000  0.0000  1.0000  1
 28:   0.9192  0.0000  0.0808  1
 29:   0.0000  0.0000  1.0000  1
 30:   0.0000  0.0000  1.0000  1
 31:   0.0000  0.9299  0.0701  1
 32:   0.9198  0.0802  0.0000  1
 33:   0.8108  0.0000  0.1892  1
 34:   0.9483  0.0517  0.0000  1
 35:   0.8788  0.0000  0.1212  1
 36:   1.0000  0.0000  0.0000  1
 37:   0.8952  0.0129  0.0920  1
 38:   0.0000  0.0000  1.0000  1
 39:   0.9477  0.0109  0.0414  1
 40:   0.0000  0.0000  1.0000  1
 41:   0.0000  0.0000  1.0000  1
 42:   0.0000  0.0000  1.0000  1
 43:   0.0184  0.0179  0.9637  1
 44:   0.8318  0.0034  0.1647  1
 45:   0.9656  0.0344  0.0000  1
 46:   0.0000  0.0000  1.0000  1
 47:   0.8985  0.1015  0.0000  1
 48:   1.0000  0.0000  0.0000  1
 49:   0.8824  0.0491  0.0686  1
 50:   0.9482  0.0000  0.0518  1
 51:   0.0000  0.0000  1.0000  1
 52:   0.0000  0.0000  1.0000  1
 53:   0.9282  0.0718  0.0000  1
 54:   0.0000  1.0000  0.0000  1
 55:   0.9535  0.0000  0.0465  1
 56:   0.0000  1.0000  0.0000  1
 57:   0.9892  0.0108  0.0000  1
 58:   0.9174  0.0000  0.0826  1
 59:   0.0000  0.0000  1.0000  1
 60:   1.0000  0.0000  0.0000  1
 61:   1.0000  0.0000  0.0000  1
 62:   0.0000  0.0000  1.0000  1
 63:   0.9169  0.0831  0.0000  1
 64:   0.9711  0.0289  0.0000  1
 65:   0.7963  0.1546  0.0491  1
 66:   0.0000  0.0000  1.0000  1
 67:   0.0000  1.0000  0.0000  1
 68:   0.0000  1.0000  0.0000  1
 69:   0.9809  0.0191  0.0000  1
 70:   0.9509  0.0277  0.0214  1
 71:   0.0000  0.0000  1.0000  1
 72:   0.0000  0.1225  0.8775  1
 73:   0.0000  0.0000  1.0000  1
 74:   0.8107  0.1893  0.0000  1
 75:   1.0000  0.0000  0.0000  1
 76:   1.0000  0.0000  0.0000  1
 77:   0.0000  0.0280  0.9720  1
 78:   0.0000  1.0000  0.0000  1
 79:   1.0000  0.0000  0.0000  1
 80:   0.0000  0.0000  1.0000  1
 81:   0.0000  1.0000  0.0000  1
 82:   0.9693  0.0307  0.0000  1
 83:   0.8481  0.0000  0.1519  1
 84:   0.8501  0.1112  0.0387  1
 85:   1.0000  0.0000  0.0000  1
 86:   0.9147  0.0000  0.0853  1
 87:   0.0000  0.0000  1.0000  1
 88:   0.9382  0.0000  0.0618  1
 89:   1.0000  0.0000  0.0000  1
 90:   0.0000  0.0000  1.0000  1
 91:   1.0000  0.0000  0.0000  1
 92:   1.0000  0.0000  0.0000  1
 93:   0.0000  1.0000  0.0000  1
 94:   0.0000  1.0000  0.0000  1
 95:   0.7151  0.0202  0.2648  1
 96:   0.0000  0.0000  1.0000  1
 97:   0.8228  0.0000  0.1772  1
 98:   0.8366  0.0000  0.1634  1
 99:   0.4997  0.0000  0.5003  1
100:   0.0733  0.3802  0.5465  1
101:   0.0002  0.0000  0.9998  1
102:   0.0000  0.0000  1.0000  1
103:   0.9591  0.0409  0.0000  1
104:   0.0764  0.2986  0.6250  1
105:   0.1794  0.0000  0.8206  1
106:   0.0000  0.0000  1.0000  1
107:   0.0000  0.0000  1.0000  1
108:   0.0000  0.0438  0.9562  1
109:   1.0000  0.0000  0.0000  1
110:   0.0000  0.0400  0.9600  1
111:   0.0000  0.0000  1.0000  1
112:   0.9677  0.0000  0.0323  1
113:   0.7293  0.0000  0.2707  1
114:   0.6672  0.0946  0.2382  1
115:   0.9314  0.0000  0.0686  1
116:   0.1247  0.2174  0.6579  1
117:   0.0000  0.1727  0.8273  1
118:   0.9066  0.0000  0.0934  1
119:   0.0000  0.1463  0.8537  1
120:   0.0000  0.2186  0.7814  1
121:   0.0282  0.0000  0.9718  1
122:   0.0803  0.0304  0.8894  1
123:   0.0000  0.2628  0.7372  1
124:   0.9826  0.0174  0.0000  1
125:   0.9097  0.0000  0.0903  1
126:   0.0000  0.0000  1.0000  1
127:   0.9700  0.0000  0.0300  1
128:   0.0000  1.0000  0.0000  1
129:   0.0000  0.0000  1.0000  1
130:   0.0736  0.9264  0.0000  1
131:   0.0000  0.0000  1.0000  1
132:   1.0000  0.0000  0.0000  1
133:   0.0000  0.8070  0.1930  1
134:   0.0000  0.8185  0.1815  1
135:   0.0590  0.0734  0.8676  1
136:   0.0000  1.0000  0.0000  1
137:   0.0000  0.0000  1.0000  1
138:   1.0000  0.0000  0.0000  1
139:   0.0000  1.0000  0.0000  1
140:   0.0000  0.1160  0.8840  1
141:   0.7751  0.2249  0.0000  1
142:   0.0000  1.0000  0.0000  1
143:   0.0000  0.4240  0.5760  1
144:   0.0000  1.0000  0.0000  1
145:   0.0000  1.0000  0.0000  1
146:   0.8647  0.1353  0.0000  1
147:   0.9605  0.0000  0.0395  1
148:   0.0000  1.0000  0.0000  1
149:   0.0000  0.3264  0.6736  1
150:   0.0000  0.0282  0.9718  1
151:   0.7570  0.0000  0.2430  1
152:   0.2262  0.1594  0.6144  1
153:   0.0000  0.0296  0.9704  1
154:   0.0000  0.2065  0.7935  1
155:   0.0000  0.2080  0.7920  1
156:   0.0000  0.2078  0.7922  1
157:   0.0000  0.0000  1.0000  1
158:   0.7669  0.0000  0.2331  1
159:   0.2193  0.0000  0.7807  1
160:   0.0000  1.0000  0.0000  1
161:   0.7656  0.0000  0.2344  1
162:   0.8278  0.0000  0.1722  1
163:   0.0000  1.0000  0.0000  1
164:   0.0000  1.0000  0.0000  1
165:   0.6658  0.0000  0.3342  1
166:   0.0000  0.0000  1.0000  1
167:   0.1811  0.0000  0.8189  1
168:   0.7844  0.2156  0.0000  1
169:   0.0000  0.1378  0.8622  1
170:   0.7935  0.0000  0.2065  1
171:   0.2478  0.0483  0.7039  1
172:   0.0000  0.0000  1.0000  1
173:   0.0000  0.8990  0.1010  1
174:   0.0000  0.0000  1.0000  1
175:   0.0000  0.1320  0.8680  1
176:   0.2812  0.1965  0.5223  1
177:   0.0000  1.0000  0.0000  1
178:   0.1738  0.3087  0.5174  1
179:   0.0672  0.0000  0.9328  1
180:   0.2363  0.0000  0.7637  1
181:   0.0000  0.0703  0.9297  1
182:   0.0000  0.0000  1.0000  1
183:   0.0000  1.0000  0.0000  1
184:   0.5206  0.4254  0.0539  1
185:   0.0000  0.0000  1.0000  1
186:   0.0000  0.0000  1.0000  1
187:   0.9167  0.0000  0.0833  1
188:   0.7402  0.2598  0.0000  1
189:   1.0000  0.0000  0.0000  1
190:   0.0000  0.2782  0.7218  1
191:   0.0000  1.0000  0.0000  1
192:   1.0000  0.0000  0.0000  1
193:   0.0000  1.0000  0.0000  1
194:   0.1262  0.2061  0.6677  1
195:   0.9141  0.0000  0.0859  1
196:   0.0000  0.0000  1.0000  1
197:   0.0000  0.4490  0.5510  1
198:   0.0000  0.0409  0.9591  1
199:   0.5992  0.0000  0.4008  1
200:   0.3172  0.0000  0.6828  1
201:   0.6518  0.3482  0.0000  1
202:   0.0000  1.0000  0.0000  1
203:   0.0000  1.0000  0.0000  1
204:   0.0000  1.0000  0.0000  1
205:   0.0000  1.0000  0.0000  1
206:   0.7741  0.2259  0.0000  1
207:   0.1960  0.0000  0.8040  1
208:   0.1796  0.6891  0.1313  1
209:   0.0000  0.0000  1.0000  1
210:   0.0000  1.0000  0.0000  1
211:   0.0000  1.0000  0.0000  1
212:   0.9728  0.0000  0.0272  1
213:   0.0000  1.0000  0.0000  1
214:   1.0000  0.0000  0.0000  1
215:   0.0000  1.0000  0.0000  1
216:   1.0000  0.0000  0.0000  1
217:   0.0000  1.0000  0.0000  1
218:   1.0000  0.0000  0.0000  1
219:   0.3492  0.2374  0.4134  1
220:   0.0000  0.7137  0.2863  1
221:   0.0000  1.0000  0.0000  1
222:   0.0000  1.0000  0.0000  1
223:   0.0000  0.0312  0.9688  1
224:   0.0000  1.0000  0.0000  1
225:   0.0000  1.0000  0.0000  1
226:   0.0000  1.0000  0.0000  1
227:   0.0204  0.9796  0.0000  1
228:   1.0000  0.0000  0.0000  1
229:   0.9682  0.0000  0.0318  1
230:   0.0000  0.3158  0.6842  1

  1:   0.0000  1.0000  0.0000  1
  2:   0.0000  0.0000  1.0000  1
  3:   0.0000  0.0000  1.0000  1
  4:   0.0000  0.0000  1.0000  1
  5:   0.0000  0.0000  1.0000  1
  6:   1.0000  0.0000  0.0000  1
  7:   0.8703  0.0000  0.1297  1
  8:   0.0000  0.0385  0.9615  1
  9:   0.0000  0.0000  1.0000  1
 10:   1.0000  0.0000  0.0000  1
 11:   0.0000  0.0000  1.0000  1
 12:   0.0000  0.0000  1.0000  1
 13:   0.0000  0.0000  1.0000  1
 14:   0.9921  0.0000  0.0079  1
 15:   0.0000  0.0000  1.0000  1
 16:   1.0000  0.0000  0.0000  1
 17:   0.0000  0.0000  1.0000  1
 18:   0.0000  0.0000  1.0000  1
 19:   0.9340  0.0000  0.0660  1
 20:   0.0000  0.0000  1.0000  1
 21:   0.0000  0.0000  1.0000  1
 22:   0.0000  0.0000  1.0000  1
 23:   1.0000  0.0000  0.0000  1
 24:   0.9296  0.0000  0.0704  1
 25:   0.0000  0.0792  0.9208  1
 26:   1.0000  0.0000  0.0000  1
 27:   0.0000  0.0000  1.0000  1
 28:   0.9192  0.0000  0.0808  1
 29:   0.0000  0.0000  1.0000  1
 30:   0.0000  0.0000  1.0000  1
 31:   0.0000  0.9299  0.0701  1
 32:   0.9198  0.0802  0.0000  1
 33:   0.8108  0.0000  0.1892  1
 34:   0.9483  0.0517  0.0000  1
 35:   0.8788  0.0000  0.1212  1
 36:   1.0000  0.0000  0.0000  1
 37:   0.8952  0.0129  0.0920  1
 38:   0.0000  0.0000  1.0000  1
 39:   0.9477  0.0109  0.0414  1
 40:   0.0000  0.0000  1.0000  1
 41:   0.0000  0.0000  1.0000  1
 42:   0.0000  0.0000  1.0000  1
 43:   0.0184  0.0179  0.9637  1
 44:   0.8318  0.0034  0.1647  1
 45:   0.9656  0.0344  0.0000  1
 46:   0.0000  0.0000  1.0000  1
 47:   0.8985  0.1015  0.0000  1
 48:   1.0000  0.0000  0.0000  1
 49:   0.8824  0.0491  0.0686  1
 50:   0.9482  0.0000  0.0518  1
 51:   0.0000  0.0000  1.0000  1
 52:   0.0000  0.0000  1.0000  1
 53:   0.9282  0.0718  0.0000  1
 54:   0.0000  1.0000  0.0000  1
 55:   0.9535  0.0000  0.0465  1
 56:   0.0000  1.0000  0.0000  1
 57:   0.9892  0.0108  0.0000  1
 58:   0.9174  0.0000  0.0826  1
 59:   0.0000  0.0000  1.0000  1
 60:   1.0000  0.0000  0.0000  1
 61:   1.0000  0.0000  0.0000  1
 62:   0.0000  0.0000  1.0000  1
 63:   0.9169  0.0831  0.0000  1
 64:   0.9711  0.0289  0.0000  1
 65:   0.7963  0.1546  0.0491  1
 66:   0.0000  0.0000  1.0000  1
 67:   0.0000  1.0000  0.0000  1
 68:   0.0000  1.0000  0.0000  1
 69:   0.9809  0.0191  0.0000  1
 70:   0.9509  0.0277  0.0214  1
 71:   0.0000  0.0000  1.0000  1
 72:   0.0000  0.1225  0.8775  1
 73:   0.0000  0.0000  1.0000  1
 74:   0.8107  0.1893  0.0000  1
 75:   1.0000  0.0000  0.0000  1
 76:   1.0000  0.0000  0.0000  1
 77:   0.0000  0.0280  0.9720  1
 78:   0.0000  1.0000  0.0000  1
 79:   1.0000  0.0000  0.0000  1
 80:   0.0000  0.0000  1.0000  1
 81:   0.0000  1.0000  0.0000  1
 82:   0.9693  0.0307  0.0000  1
 83:   0.8481  0.0000  0.1519  1
 84:   0.8501  0.1112  0.0387  1
 85:   1.0000  0.0000  0.0000  1
 86:   0.9147  0.0000  0.0853  1
 87:   0.0000  0.0000  1.0000  1
 88:   0.9382  0.0000  0.0618  1
 89:   1.0000  0.0000  0.0000  1
 90:   0.0000  0.0000  1.0000  1
 91:   1.0000  0.0000  0.0000  1
 92:   1.0000  0.0000  0.0000  1
 93:   0.0000  1.0000  0.0000  1
 94:   0.0000  1.0000  0.0000  1
 95:   0.7151  0.0202  0.2648  1
 96:   0.0000  0.0000  1.0000  1
 97:   0.8228  0.0000  0.1772  1
 98:   0.8366  0.0000  0.1634  1
 99:   0.4997  0.0000  0.5003  1
100:   0.0733  0.3802  0.5465  1
101:   0.0002  0.0000  0.9998  1
102:   0.0000  0.0000  1.0000  1
103:   0.9591  0.0409  0.0000  1
104:   0.0764  0.2986  0.6250  1
105:   0.1794  0.0000  0.8206  1
106:   0.0000  0.0000  1.0000  1
107:   0.0000  0.0000  1.0000  1
108:   0.0000  0.0438  0.9562  1
109:   1.0000  0.0000  0.0000  1
110:   0.0000  0.0400  0.9600  1
111:   0.0000  0.0000  1.0000  1
112:   0.9677  0.0000  0.0323  1
113:   0.7293  0.0000  0.2707  1
114:   0.6672  0.0946  0.2382  1
115:   0.9314  0.0000  0.0686  1
116:   0.1247  0.2174  0.6579  1
117:   0.0000  0.1727  0.8273  1
118:   0.9066  0.0000  0.0934  1
119:   0.0000  0.1463  0.8537  1
120:   0.0000  0.2186  0.7814  1
121:   0.0282  0.0000  0.9718  1
122:   0.0803  0.0304  0.8894  1
123:   0.0000  0.2628  0.7372  1
124:   0.9826  0.0174  0.0000  1
125:   0.9097  0.0000  0.0903  1
126:   0.0000  0.0000  1.0000  1
127:   0.9700  0.0000  0.0300  1
128:   0.0000  1.0000  0.0000  1
129:   0.0000  0.0000  1.0000  1
130:   0.0736  0.9264  0.0000  1
131:   0.0000  0.0000  1.0000  1
132:   1.0000  0.0000  0.0000  1
133:   0.0000  0.8070  0.1930  1
134:   0.0000  0.8185  0.1815  1
135:   0.0590  0.0734  0.8676  1
136:   0.0000  1.0000  0.0000  1
137:   0.0000  0.0000  1.0000  1
138:   1.0000  0.0000  0.0000  1
139:   0.0000  1.0000  0.0000  1
140:   0.0000  0.1160  0.8840  1
141:   0.7751  0.2249  0.0000  1
142:   0.0000  1.0000  0.0000  1
143:   0.0000  0.4240  0.5760  1
144:   0.0000  1.0000  0.0000  1
145:   0.0000  1.0000  0.0000  1
146:   0.8647  0.1353  0.0000  1
147:   0.9605  0.0000  0.0395  1
148:   0.0000  1.0000  0.0000  1
149:   0.0000  0.3264  0.6736  1
150:   0.0000  0.0282  0.9718  1
151:   0.7570  0.0000  0.2430  1
152:   0.2262  0.1594  0.6144  1
153:   0.0000  0.0296  0.9704  1
154:   0.0000  0.2065  0.7935  1
155:   0.0000  0.2080  0.7920  1
156:   0.0000  0.2078  0.7922  1
157:   0.0000  0.0000  1.0000  1
158:   0.7669  0.0000  0.2331  1
159:   0.2193  0.0000  0.7807  1
160:   0.0000  1.0000  0.0000  1
161:   0.7656  0.0000  0.2344  1
162:   0.8278  0.0000  0.1722  1
163:   0.0000  1.0000  0.0000  1
164:   0.0000  1.0000  0.0000  1
165:   0.6658  0.0000  0.3342  1
166:   0.0000  0.0000  1.0000  1
167:   0.1811  0.0000  0.8189  1
168:   0.7844  0.2156  0.0000  1
169:   0.0000  0.1378  0.8622  1
170:   0.7935  0.0000  0.2065  1
171:   0.2478  0.0483  0.7039  1
172:   0.0000  0.0000  1.0000  1
173:   0.0000  0.8990  0.1010  1
174:   0.0000  0.0000  1.0000  1
175:   0.0000  0.1320  0.8680  1
176:   0.2812  0.1965  0.5223  1
177:   0.0000  1.0000  0.0000  1
178:   0.1738  0.3087  0.5174  1
179:   0.0672  0.0000  0.9328  1
180:   0.2363  0.0000  0.7637  1
181:   0.0000  0.0703  0.9297  1
182:   0.0000  0.0000  1.0000  1
183:   0.0000  1.0000  0.0000  1
184:   0.5206  0.4254  0.0539  1
185:   0.0000  0.0000  1.0000  1
186:   0.0000  0.0000  1.0000  1
187:   0.9167  0.0000  0.0833  1
188:   0.7402  0.2598  0.0000  1
189:   1.0000  0.0000  0.0000  1
190:   0.0000  0.2782  0.7218  1
191:   0.0000  1.0000  0.0000  1
192:   1.0000  0.0000  0.0000  1
193:   0.0000  1.0000  0.0000  1
194:   0.1262  0.2061  0.6677  1
195:   0.9141  0.0000  0.0859  1
196:   0.0000  0.0000  1.0000  1
197:   0.0000  0.4490  0.5510  1
198:   0.0000  0.0409  0.9591  1
199:   0.5992  0.0000  0.4008  1
200:   0.3172  0.0000  0.6828  1
201:   0.6518  0.3482  0.0000  1
202:   0.0000  1.0000  0.0000  1
203:   0.0000  1.0000  0.0000  1
204:   0.0000  1.0000  0.0000  1
205:   0.0000  1.0000  0.0000  1
206:   0.7741  0.2259  0.0000  1
207:   0.1960  0.0000  0.8040  1
208:   0.1796  0.6891  0.1313  1
209:   0.0000  0.0000  1.0000  1
210:   0.0000  1.0000  0.0000  1
211:   0.0000  1.0000  0.0000  1
212:   0.9728  0.0000  0.0272  1
213:   0.0000  1.0000  0.0000  1
214:   1.0000  0.0000  0.0000  1
215:   0.0000  1.0000  0.0000  1
216:   1.0000  0.0000  0.0000  1
217:   0.0000  1.0000  0.0000  1
218:   1.0000  0.0000  0.0000  1
219:   0.3492  0.2374  0.4134  1
220:   0.0000  0.7137  0.2863  1
221:   0.0000  1.0000  0.0000  1
222:   0.0000  1.0000  0.0000  1
223:   0.0000  0.0312  0.9688  1
224:   0.0000  1.0000  0.0000  1
225:   0.0000  1.0000  0.0000  1
226:   0.0000  1.0000  0.0000  1
227:   0.0204  0.9796  0.0000  1
228:   1.0000  0.0000  0.0000  1
229:   0.9682  0.0000  0.0318  1
230:   0.0000  0.3158  0.6842  1

  1:   0.0000  1.0000  0.0000  1
  2:   0.0000  0.0000  1.0000  1
  3:   0.0000  0.0000  1.0000  1
  4:   0.0000  0.0000  1.0000  1
  5:   0.0000  0.0000  1.0000  1
  6:   1.0000  0.0000  0.0000  1
  7:   0.8656  0.0000  0.1344  1
  8:   0.0000  0.1000  0.9000  1
  9:   0.0000  0.0000  1.0000  1
 10:   1.0000  0.0000  0.0000  1
 11:   0.0000  0.0000  1.0000  1
 12:   0.0000  0.0000  1.0000  1
 13:   0.0000  0.0000  1.0000  1
 14:   0.9880  0.0000  0.0120  1
 15:   0.0000  0.0000  1.0000  1
 16:   1.0000  0.0000  0.0000  1
 17:   0.0000  0.0000  1.0000  1
 18:   0.0000  0.0000  1.0000  1
 19:   0.9298  0.0000  0.0702  1
 20:   0.0000  0.0000  1.0000  1
 21:   0.0000  0.0000  1.0000  1
 22:   0.0000  0.0000  1.0000  1
 23:   1.0000  0.0000  0.0000  1
 24:   0.9241  0.0000  0.0759  1
 25:   0.0000  0.0760  0.9240  1
 26:   1.0000  0.0000  0.0000  1
 27:   0.0000  0.0000  1.0000  1
 28:   0.9158  0.0000  0.0842  1
 29:   0.0000  0.0000  1.0000  1
 30:   0.0000  0.0000  1.0000  1
 31:   0.0000  0.7685  0.2315  1
 32:   0.9046  0.0954  0.0000  1
 33:   0.8074  0.0000  0.1926  1
 34:   0.9391  0.0609  0.0000  1
 35:   0.8745  0.0000  0.1255  1
 36:   1.0000  0.0000  0.0000  1
 37:   0.8862  0.0247  0.0891  1
 38:   0.0000  0.0000  1.0000  1
 39:   0.9433  0.0000  0.0567  1
 40:   0.0000  0.0137  0.9863  1
 41:   0.0000  0.0000  1.0000  1
 42:   0.0000  0.0000  1.0000  1
 43:   0.0234  0.0113  0.9653  1
 44:   0.8318  0.0060  0.1622  1
 45:   0.9595  0.0405  0.0000  1
 46:   0.0000  0.0000  1.0000  1
 47:   0.8974  0.1001  0.0025  1
 48:   1.0000  0.0000  0.0000  1
 49:   0.8787  0.0502  0.0711  1
 50:   0.9432  0.0000  0.0568  1
 51:   0.0000  0.0000  1.0000  1
 52:   0.0000  0.0000  1.0000  1
 53:   0.9153  0.0847  0.0000  1
 54:   0.0000  1.0000  0.0000  1
 55:   0.9420  0.0000  0.0580  1
 56:   0.0000  1.0000  0.0000  1
 57:   0.9762  0.0238  0.0000  1
 58:   0.9128  0.0000  0.0872  1
 59:   0.0000  0.0128  0.9872  1
 60:   1.0000  0.0000  0.0000  1
 61:   0.9851  0.0149  0.0000  1
 62:   0.0000  0.0000  1.0000  1
 63:   0.9115  0.0885  0.0000  1
 64:   0.9754  0.0246  0.0000  1
 65:   0.7701  0.1844  0.0454  1
 66:   0.0000  0.0000  1.0000  1
 67:   0.0000  1.0000  0.0000  1
 68:   0.0000  1.0000  0.0000  1
 69:   0.9582  0.0418  0.0000  1
 70:   0.9226  0.0774  0.0000  1
 71:   0.0000  0.0000  1.0000  1
 72:   0.0000  0.1209  0.8791  1
 73:   0.0000  0.0000  1.0000  1
 74:   0.7958  0.2042  0.0000  1
 75:   1.0000  0.0000  0.0000  1
 76:   1.0000  0.0000  0.0000  1
 77:   0.0000  0.0254  0.9746  1
 78:   0.0000  1.0000  0.0000  1
 79:   1.0000  0.0000  0.0000  1
 80:   0.0000  0.0000  1.0000  1
 81:   0.0000  1.0000  0.0000  1
 82:   0.9752  0.0248  0.0000  1
 83:   0.8441  0.0000  0.1559  1
 84:   0.8075  0.1580  0.0345  1
 85:   0.9914  0.0086  0.0000  1
 86:   0.9114  0.0000  0.0886  1
 87:   0.0000  0.0210  0.9790  1
 88:   0.9343  0.0000  0.0657  1
 89:   0.9898  0.0102  0.0000  1
 90:   0.0000  0.0000  1.0000  1
 91:   1.0000  0.0000  0.0000  1
 92:   1.0000  0.0000  0.0000  1
 93:   0.0000  1.0000  0.0000  1
 94:   0.0000  1.0000  0.0000  1
 95:   0.7089  0.0260  0.2651  1
 96:   0.0000  0.0000  1.0000  1
 97:   0.8231  0.0000  0.1769  1
 98:   0.8299  0.0000  0.1701  1
 99:   0.4967  0.0000  0.5033  1
100:   0.0724  0.3852  0.5424  1
101:   0.0015  0.0000  0.9985  1
102:   0.0000  0.0000  1.0000  1
103:   0.9523  0.0477  0.0000  1
104:   0.0761  0.2868  0.6371  1
105:   0.1811  0.0000  0.8189  1
106:   0.0000  0.0000  1.0000  1
107:   0.0000  0.0212  0.9788  1
108:   0.0000  0.0414  0.9586  1
109:   1.0000  0.0000  0.0000  1
110:   0.0000  0.0341  0.9659  1
111:   0.0000  0.0000  1.0000  1
112:   0.9674  0.0000  0.0326  1
113:   0.7258  0.0000  0.2742  1
114:   0.6633  0.1006  0.2361  1
115:   0.9316  0.0000  0.0684  1
116:   0.1269  0.2021  0.6710  1
117:   0.0000  0.2034  0.7966  1
118:   0.9070  0.0000  0.0930  1
119:   0.0000  0.1177  0.8823  1
120:   0.0000  0.2270  0.7730  1
121:   0.0284  0.0000  0.9716  1
122:   0.0624  0.0832  0.8544  1
123:   0.0000  0.2837  0.7163  1
124:   0.9356  0.0644  0.0000  1
125:   0.9003  0.0000  0.0997  1
126:   0.0000  0.0000  1.0000  1
127:   0.9622  0.0000  0.0378  1
128:   0.0000  1.0000  0.0000  1
129:   0.0000  0.0000  1.0000  1
130:   0.0000  1.0000  0.0000  1
131:   0.0000  0.0000  1.0000  1
132:   1.0000  0.0000  0.0000  1
133:   0.0000  0.8392  0.1608  1
134:   0.0000  0.8403  0.1597  1
135:   0.0577  0.0912  0.8511  1
136:   0.0000  1.0000  0.0000  1
137:   0.0000  0.0000  1.0000  1
138:   1.0000  0.0000  0.0000  1
139:   0.0000  0.7664  0.2336  1
140:   0.0000  0.1225  0.8775  1
141:   0.7597  0.2403  0.0000  1
142:   0.0000  1.0000  0.0000  1
143:   0.0000  0.4419  0.5581  1
144:   0.0000  1.0000  0.0000  1
145:   0.0000  0.7846  0.2154  1
146:   0.8510  0.1490  0.0000  1
147:   0.9584  0.0000  0.0416  1
148:   0.0000  1.0000  0.0000  1
149:   0.0000  0.3563  0.6437  1
150:   0.0000  0.0645  0.9355  1
151:   0.7519  0.0000  0.2481  1
152:   0.2080  0.2264  0.5656  1
153:   0.0000  0.0035  0.9965  1
154:   0.0000  0.2115  0.7885  1
155:   0.0275  0.1219  0.8507  1
156:   0.0000  0.2035  0.7965  1
157:   0.0000  0.0093  0.9907  1
158:   0.7541  0.0000  0.2459  1
159:   0.2168  0.0000  0.7832  1
160:   0.0000  1.0000  0.0000  1
161:   0.7642  0.0000  0.2358  1
162:   0.8146  0.0000  0.1854  1
163:   0.0000  0.6799  0.3201  1
164:   0.0000  1.0000  0.0000  1
165:   0.6679  0.0000  0.3321  1
166:   0.0000  0.0000  1.0000  1
167:   0.1822  0.1189  0.6989  1
168:   0.6897  0.3103  0.0000  1
169:   0.0000  0.1593  0.8407  1
170:   0.7826  0.0000  0.2174  1
171:   0.2390  0.0937  0.6673  1
172:   0.0000  0.0000  1.0000  1
173:   0.0000  0.8967  0.1033  1
174:   0.0000  0.0000  1.0000  1
175:   0.0000  0.1015  0.8985  1
176:   0.2831  0.1777  0.5393  1
177:   0.0000  1.0000  0.0000  1
178:   0.1699  0.3320  0.4981  1
179:   0.0766  0.0000  0.9234  1
180:   0.2429  0.0000  0.7571  1
181:   0.0000  0.0645  0.9355  1
182:   0.0000  0.0000  1.0000  1
183:   0.0000  1.0000  0.0000  1
184:   0.5067  0.2904  0.2029  1
185:   0.0000  0.0000  1.0000  1
186:   0.0000  0.0000  1.0000  1
187:   0.9172  0.0000  0.0828  1
188:   0.7603  0.2397  0.0000  1
189:   1.0000  0.0000  0.0000  1
190:   0.0000  0.3699  0.6301  1
191:   0.0000  1.0000  0.0000  1
192:   1.0000  0.0000  0.0000  1
193:   0.0000  1.0000  0.0000  1
194:   0.1064  0.2932  0.6004  1
195:   0.9061  0.0008  0.0931  1
196:   0.0000  0.0000  1.0000  1
197:   0.0000  0.4470  0.5530  1
198:   0.0000  0.0513  0.9487  1
199:   0.6011  0.0000  0.3989  1
200:   0.3067  0.0000  0.6933  1
201:   0.5991  0.4009  0.0000  1
202:   0.0000  1.0000  0.0000  1
203:   0.0000  1.0000  0.0000  1
204:   0.0000  1.0000  0.0000  1
205:   0.0000  1.0000  0.0000  1
206:   0.7979  0.0000  0.2021  1
207:   0.1949  0.0000  0.8051  1
208:   0.2018  0.5546  0.2435  1
209:   0.0000  0.0000  1.0000  1
210:   0.0000  1.0000  0.0000  1
211:   0.0000  1.0000  0.0000  1
212:   0.9664  0.0000  0.0336  1
213:   0.0000  1.0000  0.0000  1
214:   1.0000  0.0000  0.0000  1
215:   0.0000  0.8230  0.1770  1
216:   1.0000  0.0000  0.0000  1
217:   0.0000  1.0000  0.0000  1
218:   1.0000  0.0000  0.0000  1
219:   0.3433  0.2461  0.4106  1
220:   0.0000  0.7614  0.2386  1
221:   0.0000  1.0000  0.0000  1
222:   0.0000  1.0000  0.0000  1
223:   0.0000  0.0691  0.9309  1
224:   0.0000  1.0000  0.0000  1
225:   0.0000  1.0000  0.0000  1
226:   0.0000  1.0000  0.0000  1
227:   0.0411  0.9589  0.0000  1
228:   1.0000  0.0000  0.0000  1
229:   0.9619  0.0000  0.0381  1
230:   0.0000  0.3517  0.6483  1

  1:   0.0000  1.0000  0.0000  1
  2:   0.0000  0.0000  1.0000  1
  3:   0.0000  0.0000  1.0000  1
  4:   0.0000  0.0000  1.0000  1
  5:   0.0000  0.0000  1.0000  1
  6:   1.0000  0.0000  0.0000  1
  7:   0.8656  0.0000  0.1344  1
  8:   0.0000  0.1000  0.9000  1
  9:   0.0000  0.0000  1.0000  1
 10:   1.0000  0.0000  0.0000  1
 11:   0.0000  0.0000  1.0000  1
 12:   0.0000  0.0000  1.0000  1
 13:   0.0000  0.0000  1.0000  1
 14:   0.9880  0.0000  0.0120  1
 15:   0.0000  0.0000  1.0000  1
 16:   1.0000  0.0000  0.0000  1
 17:   0.0000  0.0000  1.0000  1
 18:   0.0000  0.0000  1.0000  1
 19:   0.9298  0.0000  0.0702  1
 20:   0.0000  0.0000  1.0000  1
 21:   0.0000  0.0000  1.0000  1
 22:   0.0000  0.0000  1.0000  1
 23:   1.0000  0.0000  0.0000  1
 24:   0.9241  0.0000  0.0759  1
 25:   0.0000  0.0760  0.9240  1
 26:   1.0000  0.0000  0.0000  1
 27:   0.0000  0.0000  1.0000  1
 28:   0.9158  0.0000  0.0842  1
 29:   0.0000  0.0000  1.0000  1
 30:   0.0000  0.0000  1.0000  1
 31:   0.0000  0.7685  0.2315  1
 32:   0.9046  0.0954  0.0000  1
 33:   0.8074  0.0000  0.1926  1
 34:   0.9391  0.0609  0.0000  1
 35:   0.8745  0.0000  0.1255  1
 36:   1.0000  0.0000  0.0000  1
 37:   0.8862  0.0247  0.0891  1
 38:   0.0000  0.0000  1.0000  1
 39:   0.9433  0.0000  0.0567  1
 40:   0.0000  0.0137  0.9863  1
 41:   0.0000  0.0000  1.0000  1
 42:   0.0000  0.0000  1.0000  1
 43:   0.0234  0.0113  0.9653  1
 44:   0.8318  0.0060  0.1622  1
 45:   0.9595  0.0405  0.0000  1
 46:   0.0000  0.0000  1.0000  1
 47:   0.8974  0.1001  0.0025  1
 48:   1.0000  0.0000  0.0000  1
 49:   0.8787  0.0502  0.0711  1
 50:   0.9432  0.0000  0.0568  1
 51:   0.0000  0.0000  1.0000  1
 52:   0.0000  0.0000  1.0000  1
 53:   0.9153  0.0847  0.0000  1
 54:   0.0000  1.0000  0.0000  1
 55:   0.9420  0.0000  0.0580  1
 56:   0.0000  1.0000  0.0000  1
 57:   0.9762  0.0238  0.0000  1
 58:   0.9128  0.0000  0.0872  1
 59:   0.0000  0.0128  0.9872  1
 60:   1.0000  0.0000  0.0000  1
 61:   0.9851  0.0149  0.0000  1
 62:   0.0000  0.0000  1.0000  1
 63:   0.9115  0.0885  0.0000  1
 64:   0.9754  0.0246  0.0000  1
 65:   0.7701  0.1844  0.0454  1
 66:   0.0000  0.0000  1.0000  1
 67:   0.0000  1.0000  0.0000  1
 68:   0.0000  1.0000  0.0000  1
 69:   0.9582  0.0418  0.0000  1
 70:   0.9226  0.0774  0.0000  1
 71:   0.0000  0.0000  1.0000  1
 72:   0.0000  0.1209  0.8791  1
 73:   0.0000  0.0000  1.0000  1
 74:   0.7958  0.2042  0.0000  1
 75:   1.0000  0.0000  0.0000  1
 76:   1.0000  0.0000  0.0000  1
 77:   0.0000  0.0254  0.9746  1
 78:   0.0000  1.0000  0.0000  1
 79:   1.0000  0.0000  0.0000  1
 80:   0.0000  0.0000  1.0000  1
 81:   0.0000  1.0000  0.0000  1
 82:   0.9752  0.0248  0.0000  1
 83:   0.8441  0.0000  0.1559  1
 84:   0.8075  0.1580  0.0345  1
 85:   0.9914  0.0086  0.0000  1
 86:   0.9114  0.0000  0.0886  1
 87:   0.0000  0.0210  0.9790  1
 88:   0.9343  0.0000  0.0657  1
 89:   0.9898  0.0102  0.0000  1
 90:   0.0000  0.0000  1.0000  1
 91:   1.0000  0.0000  0.0000  1
 92:   1.0000  0.0000  0.0000  1
 93:   0.0000  1.0000  0.0000  1
 94:   0.0000  1.0000  0.0000  1
 95:   0.7089  0.0260  0.2651  1
 96:   0.0000  0.0000  1.0000  1
 97:   0.8231  0.0000  0.1769  1
 98:   0.8299  0.0000  0.1701  1
 99:   0.4967  0.0000  0.5033  1
100:   0.0724  0.3852  0.5424  1
101:   0.0015  0.0000  0.9985  1
102:   0.0000  0.0000  1.0000  1
103:   0.9523  0.0477  0.0000  1
104:   0.0761  0.2868  0.6371  1
105:   0.1811  0.0000  0.8189  1
106:   0.0000  0.0000  1.0000  1
107:   0.0000  0.0212  0.9788  1
108:   0.0000  0.0414  0.9586  1
109:   1.0000  0.0000  0.0000  1
110:   0.0000  0.0341  0.9659  1
111:   0.0000  0.0000  1.0000  1
112:   0.9674  0.0000  0.0326  1
113:   0.7258  0.0000  0.2742  1
114:   0.6633  0.1006  0.2361  1
115:   0.9316  0.0000  0.0684  1
116:   0.1269  0.2021  0.6710  1
117:   0.0000  0.2034  0.7966  1
118:   0.9070  0.0000  0.0930  1
119:   0.0000  0.1177  0.8823  1
120:   0.0000  0.2270  0.7730  1
121:   0.0284  0.0000  0.9716  1
122:   0.0624  0.0832  0.8544  1
123:   0.0000  0.2837  0.7163  1
124:   0.9356  0.0644  0.0000  1
125:   0.9003  0.0000  0.0997  1
126:   0.0000  0.0000  1.0000  1
127:   0.9622  0.0000  0.0378  1
128:   0.0000  1.0000  0.0000  1
129:   0.0000  0.0000  1.0000  1
130:   0.0000  1.0000  0.0000  1
131:   0.0000  0.0000  1.0000  1
132:   1.0000  0.0000  0.0000  1
133:   0.0000  0.8392  0.1608  1
134:   0.0000  0.8403  0.1597  1
135:   0.0577  0.0912  0.8511  1
136:   0.0000  1.0000  0.0000  1
137:   0.0000  0.0000  1.0000  1
138:   1.0000  0.0000  0.0000  1
139:   0.0000  0.7664  0.2336  1
140:   0.0000  0.1225  0.8775  1
141:   0.7597  0.2403  0.0000  1
142:   0.0000  1.0000  0.0000  1
143:   0.0000  0.4419  0.5581  1
144:   0.0000  1.0000  0.0000  1
145:   0.0000  0.7846  0.2154  1
146:   0.8510  0.1490  0.0000  1
147:   0.9584  0.0000  0.0416  1
148:   0.0000  1.0000  0.0000  1
149:   0.0000  0.3563  0.6437  1
150:   0.0000  0.0645  0.9355  1
151:   0.7519  0.0000  0.2481  1
152:   0.2080  0.2264  0.5656  1
153:   0.0000  0.0035  0.9965  1
154:   0.0000  0.2115  0.7885  1
155:   0.0275  0.1219  0.8507  1
156:   0.0000  0.2035  0.7965  1
157:   0.0000  0.0093  0.9907  1
158:   0.7541  0.0000  0.2459  1
159:   0.2168  0.0000  0.7832  1
160:   0.0000  1.0000  0.0000  1
161:   0.7642  0.0000  0.2358  1
162:   0.8146  0.0000  0.1854  1
163:   0.0000  0.6799  0.3201  1
164:   0.0000  1.0000  0.0000  1
165:   0.6679  0.0000  0.3321  1
166:   0.0000  0.0000  1.0000  1
167:   0.1822  0.1189  0.6989  1
168:   0.6897  0.3103  0.0000  1
169:   0.0000  0.1593  0.8407  1
170:   0.7826  0.0000  0.2174  1
171:   0.2390  0.0937  0.6673  1
172:   0.0000  0.0000  1.0000  1
173:   0.0000  0.8967  0.1033  1
174:   0.0000  0.0000  1.0000  1
175:   0.0000  0.1015  0.8985  1
176:   0.2831  0.1777  0.5393  1
177:   0.0000  1.0000  0.0000  1
178:   0.1699  0.3320  0.4981  1
179:   0.0766  0.0000  0.9234  1
180:   0.2429  0.0000  0.7571  1
181:   0.0000  0.0645  0.9355  1
182:   0.0000  0.0000  1.0000  1
183:   0.0000  1.0000  0.0000  1
184:   0.5067  0.2904  0.2029  1
185:   0.0000  0.0000  1.0000  1
186:   0.0000  0.0000  1.0000  1
187:   0.9172  0.0000  0.0828  1
188:   0.7603  0.2397  0.0000  1
189:   1.0000  0.0000  0.0000  1
190:   0.0000  0.3699  0.6301  1
191:   0.0000  1.0000  0.0000  1
192:   1.0000  0.0000  0.0000  1
193:   0.0000  1.0000  0.0000  1
194:   0.1064  0.2932  0.6004  1
195:   0.9061  0.0008  0.0931  1
196:   0.0000  0.0000  1.0000  1
197:   0.0000  0.4470  0.5530  1
198:   0.0000  0.0513  0.9487  1
199:   0.6011  0.0000  0.3989  1
200:   0.3067  0.0000  0.6933  1
201:   0.5991  0.4009  0.0000  1
202:   0.0000  1.0000  0.0000  1
203:   0.0000  1.0000  0.0000  1
204:   0.0000  1.0000  0.0000  1
205:   0.0000  1.0000  0.0000  1
206:   0.7979  0.0000  0.2021  1
207:   0.1949  0.0000  0.8051  1
208:   0.2018  0.5546  0.2435  1
209:   0.0000  0.0000  1.0000  1
210:   0.0000  1.0000  0.0000  1
211:   0.0000  1.0000  0.0000  1
212:   0.9664  0.0000  0.0336  1
213:   0.0000  1.0000  0.0000  1
214:   1.0000  0.0000  0.0000  1
215:   0.0000  0.8230  0.1770  1
216:   1.0000  0.0000  0.0000  1
217:   0.0000  1.0000  0.0000  1
218:   1.0000  0.0000  0.0000  1
219:   0.3433  0.2461  0.4106  1
220:   0.0000  0.7614  0.2386  1
221:   0.0000  1.0000  0.0000  1
222:   0.0000  1.0000  0.0000  1
223:   0.0000  0.0691  0.9309  1
224:   0.0000  1.0000  0.0000  1
225:   0.0000  1.0000  0.0000  1
226:   0.0000  1.0000  0.0000  1
227:   0.0411  0.9589  0.0000  1
228:   1.0000  0.0000  0.0000  1
229:   0.9619  0.0000  0.0381  1
230:   0.0000  0.3517  0.6483  1

  1:   0.0000  1.0000  0.0000  1
  2:   0.0000  0.0000  1.0000  1
  3:   0.0000  0.0000  1.0000  1
  4:   0.0000  0.0000  1.0000  1
  5:   0.0000  0.0000  1.0000  1
  6:   1.0000  0.0000  0.0000  1
  7:   0.8713  0.0000  0.1287  1
  8:   0.0000  0.0342  0.9658  1
  9:   0.0000  0.0000  1.0000  1
 10:   1.0000  0.0000  0.0000  1
 11:   0.0000  0.0000  1.0000  1
 12:   0.0000  0.0000  1.0000  1
 13:   0.0000  0.0000  1.0000  1
 14:   0.9925  0.0000  0.0075  1
 15:   0.0000  0.0000  1.0000  1
 16:   1.0000  0.0000  0.0000  1
 17:   0.0000  0.0000  1.0000  1
 18:   0.0000  0.0000  1.0000  1
 19:   0.9346  0.0000  0.0654  1
 20:   0.0000  0.0000  1.0000  1
 21:   0.0000  0.0000  1.0000  1
 22:   0.0000  0.0000  1.0000  1
 23:   1.0000  0.0000  0.0000  1
 24:   0.9303  0.0000  0.0697  1
 25:   0.0000  0.0797  0.9203  1
 26:   1.0000  0.0000  0.0000  1
 27:   0.0000  0.0000  1.0000  1
 28:   0.9197  0.0000  0.0803  1
 29:   0.0000  0.0000  1.0000  1
 30:   0.0000  0.0000  1.0000  1
 31:   0.0000  1.0000  0.0000  1
 32:   0.9222  0.0778  0.0000  1
 33:   0.8114  0.0000  0.1886  1
 34:   0.9504  0.0496  0.0000  1
 35:   0.8792  0.0000  0.1208  1
 36:   1.0000  0.0000  0.0000  1
 37:   0.8997  0.0060  0.0943  1
 38:   0.0000  0.0000  1.0000  1
 39:   0.9486  0.0127  0.0387  1
 40:   0.0000  0.0000  1.0000  1
 41:   0.0000  0.0000  1.0000  1
 42:   0.0000  0.0000  1.0000  1
 43:   0.0213  0.0158  0.9629  1
 44:   0.8320  0.0034  0.1646  1
 45:   0.9655  0.0345  0.0000  1
 46:   0.0000  0.0000  1.0000  1
 47:   0.8999  0.1001  0.0000  1
 48:   1.0000  0.0000  0.0000  1
 49:   0.8830  0.0495  0.0675  1
 50:   0.9488  0.0000  0.0512  1
 51:   0.0000  0.0000  1.0000  1
 52:   0.0000  0.0000  1.0000  1
 53:   0.9305  0.0695  0.0000  1
 54:   0.0000  1.0000  0.0000  1
 55:   0.9554  0.0000  0.0446  1
 56:   0.0000  1.0000  0.0000  1
 57:   0.9911  0.0089  0.0000  1
 58:   0.9180  0.0000  0.0820  1
 59:   0.0000  0.0000  1.0000  1
 60:   1.0000  0.0000  0.0000  1
 61:   1.0000  0.0000  0.0000  1
 62:   0.0000  0.0000  1.0000  1
 63:   0.9190  0.0810  0.0000  1
 64:   0.9711  0.0289  0.0000  1
 65:   0.7994  0.1511  0.0495  1
 66:   0.0000  0.0000  1.0000  1
 67:   0.0000  1.0000  0.0000  1
 68:   0.0000  1.0000  0.0000  1
 69:   0.9827  0.0173  0.0000  1
 70:   0.9683  0.0000  0.0317  1
 71:   0.0000  0.0000  1.0000  1
 72:   0.0000  0.1222  0.8778  1
 73:   0.0000  0.0000  1.0000  1
 74:   0.8141  0.1859  0.0000  1
 75:   1.0000  0.0000  0.0000  1
 76:   1.0000  0.0000  0.0000  1
 77:   0.0000  0.0283  0.9717  1
 78:   0.0000  1.0000  0.0000  1
 79:   1.0000  0.0000  0.0000  1
 80:   0.0000  0.0000  1.0000  1
 81:   0.0000  1.0000  0.0000  1
 82:   0.9692  0.0308  0.0000  1
 83:   0.8483  0.0000  0.1517  1
 84:   0.8566  0.1040  0.0394  1
 85:   1.0000  0.0000  0.0000  1
 86:   0.9154  0.0000  0.0846  1
 87:   0.0000  0.0000  1.0000  1
 88:   0.9388  0.0000  0.0612  1
 89:   1.0000  0.0000  0.0000  1
 90:   0.0000  0.0000  1.0000  1
 91:   1.0000  0.0000  0.0000  1
 92:   1.0000  0.0000  0.0000  1
 93:   0.0000  1.0000  0.0000  1
 94:   0.0000  1.0000  0.0000  1
 95:   0.7153  0.0209  0.2638  1
 96:   0.0000  0.0000  1.0000  1
 97:   0.8226  0.0000  0.1774  1
 98:   0.8373  0.0000  0.1627  1
 99:   0.5002  0.0000  0.4998  1
100:   0.0751  0.3812  0.5437  1
101:   0.0051  0.0000  0.9949  1
102:   0.0000  0.0000  1.0000  1
103:   0.9629  0.0371  0.0000  1
104:   0.0766  0.2973  0.6261  1
105:   0.1796  0.0000  0.8204  1
106:   0.0000  0.0000  1.0000  1
107:   0.0000  0.0000  1.0000  1
108:   0.0000  0.0449  0.9551  1
109:   1.0000  0.0000  0.0000  1
110:   0.0000  0.0408  0.9592  1
111:   0.0000  0.0000  1.0000  1
112:   0.9683  0.0000  0.0317  1
113:   0.7301  0.0000  0.2699  1
114:   0.6678  0.0953  0.2369  1
115:   0.9317  0.0000  0.0683  1
116:   0.1247  0.2157  0.6596  1
117:   0.0000  0.1726  0.8274  1
118:   0.9067  0.0000  0.0933  1
119:   0.0000  0.1567  0.8433  1
120:   0.0000  0.2172  0.7828  1
121:   0.0285  0.0000  0.9715  1
122:   0.0872  0.0143  0.8985  1
123:   0.0000  0.2670  0.7330  1
124:   0.9842  0.0158  0.0000  1
125:   0.9107  0.0000  0.0893  1
126:   0.0000  0.0000  1.0000  1
127:   0.9714  0.0000  0.0286  1
128:   0.0000  1.0000  0.0000  1
129:   0.0000  0.0000  1.0000  1
130:   0.0783  0.9217  0.0000  1
131:   0.0000  0.0000  1.0000  1
132:   1.0000  0.0000  0.0000  1
133:   0.0000  0.8050  0.1950  1
134:   0.0000  0.8165  0.1835  1
135:   0.0600  0.0702  0.8698  1
136:   0.0000  1.0000  0.0000  1
137:   0.0000  0.0000  1.0000  1
138:   1.0000  0.0000  0.0000  1
139:   0.0000  1.0000  0.0000  1
140:   0.0000  0.1143  0.8857  1
141:   0.7771  0.2229  0.0000  1
142:   0.0000  1.0000  0.0000  1
143:   0.0000  0.4169  0.5831  1
144:   0.0000  1.0000  0.0000  1
145:   0.0000  1.0000  0.0000  1
146:   0.8672  0.1328  0.0000  1
147:   0.9606  0.0000  0.0394  1
148:   0.0000  1.0000  0.0000  1
149:   0.0000  0.3187  0.6813  1
150:   0.0000  0.0305  0.9695  1
151:   0.7576  0.0000  0.2424  1
152:   0.2273  0.1553  0.6174  1
153:   0.0000  0.0366  0.9634  1
154:   0.0000  0.2036  0.7964  1
155:   0.0273  0.1342  0.8385  1
156:   0.0000  0.2008  0.7992  1
157:   0.0000  0.0000  1.0000  1
158:   0.7678  0.0000  0.2322  1
159:   0.2197  0.0000  0.7803  1
160:   0.0000  1.0000  0.0000  1
161:   0.7660  0.0000  0.2340  1
162:   0.8294  0.0000  0.1706  1
163:   0.0000  1.0000  0.0000  1
164:   0.0000  1.0000  0.0000  1
165:   0.6663  0.0000  0.3337  1
166:   0.0000  0.0000  1.0000  1
167:   0.1790  0.0000  0.8210  1
168:   0.7943  0.2057  0.0000  1
169:   0.0000  0.1333  0.8667  1
170:   0.7954  0.0000  0.2046  1
171:   0.2482  0.0457  0.7061  1
172:   0.0000  0.0000  1.0000  1
173:   0.0000  0.8982  0.1018  1
174:   0.0000  0.0000  1.0000  1
175:   0.0000  0.1392  0.8608  1
176:   0.2825  0.1922  0.5253  1
177:   0.0000  1.0000  0.0000  1
178:   0.1740  0.3097  0.5163  1
179:   0.0653  0.0000  0.9347  1
180:   0.2358  0.0000  0.7642  1
181:   0.0000  0.0726  0.9274  1
182:   0.0000  0.0000  1.0000  1
183:   0.0000  1.0000  0.0000  1
184:   0.5253  0.4263  0.0484  1
185:   0.0000  0.0000  1.0000  1
186:   0.0000  0.0000  1.0000  1
187:   0.9167  0.0000  0.0833  1
188:   0.7380  0.2620  0.0000  1
189:   1.0000  0.0000  0.0000  1
190:   0.0000  0.2661  0.7339  1
191:   0.0000  1.0000  0.0000  1
192:   1.0000  0.0000  0.0000  1
193:   0.0000  1.0000  0.0000  1
194:   0.1273  0.1994  0.6732  1
195:   0.9155  0.0000  0.0845  1
196:   0.0000  0.0000  1.0000  1
197:   0.0000  0.4488  0.5512  1
198:   0.0000  0.0409  0.9591  1
199:   0.5998  0.0000  0.4002  1
200:   0.3182  0.0000  0.6818  1
201:   0.6571  0.3429  0.0000  1
202:   0.0000  1.0000  0.0000  1
203:   0.0000  1.0000  0.0000  1
204:   0.0000  1.0000  0.0000  1
205:   0.0000  1.0000  0.0000  1
206:   0.7746  0.2254  0.0000  1
207:   0.1963  0.0000  0.8037  1
208:   0.1795  0.7327  0.0878  1
209:   0.0000  0.0000  1.0000  1
210:   0.0000  1.0000  0.0000  1
211:   0.0000  1.0000  0.0000  1
212:   0.9994  0.0000  0.0006  1
213:   0.0000  1.0000  0.0000  1
214:   1.0000  0.0000  0.0000  1
215:   0.0000  1.0000  0.0000  1
216:   1.0000  0.0000  0.0000  1
217:   0.0000  1.0000  0.0000  1
218:   1.0000  0.0000  0.0000  1
219:   0.3532  0.2262  0.4205  1
220:   0.0000  0.7095  0.2905  1
221:   0.0000  1.0000  0.0000  1
222:   0.0000  1.0000  0.0000  1
223:   0.0000  0.0283  0.9717  1
224:   0.0000  1.0000  0.0000  1
225:   0.0000  1.0000  0.0000  1
226:   0.0000  1.0000  0.0000  1
227:   0.0313  0.9687  0.0000  1
228:   1.0000  0.0000  0.0000  1
229:   0.9696  0.0000  0.0304  1
230:   0.0000  0.3139  0.6861  1

  1:   0.0000  1.0000  0.0000  1
  2:   0.0000  0.0000  1.0000  1
  3:   0.0000  0.0000  1.0000  1
  4:   0.0000  0.0000  1.0000  1
  5:   0.0000  0.0000  1.0000  1
  6:   1.0000  0.0000  0.0000  1
  7:   0.8713  0.0000  0.1287  1
  8:   0.0000  0.0342  0.9658  1
  9:   0.0000  0.0000  1.0000  1
 10:   1.0000  0.0000  0.0000  1
 11:   0.0000  0.0000  1.0000  1
 12:   0.0000  0.0000  1.0000  1
 13:   0.0000  0.0000  1.0000  1
 14:   0.9925  0.0000  0.0075  1
 15:   0.0000  0.0000  1.0000  1
 16:   1.0000  0.0000  0.0000  1
 17:   0.0000  0.0000  1.0000  1
 18:   0.0000  0.0000  1.0000  1
 19:   0.9346  0.0000  0.0654  1
 20:   0.0000  0.0000  1.0000  1
 21:   0.0000  0.0000  1.0000  1
 22:   0.0000  0.0000  1.0000  1
 23:   1.0000  0.0000  0.0000  1
 24:   0.9303  0.0000  0.0697  1
 25:   0.0000  0.0797  0.9203  1
 26:   1.0000  0.0000  0.0000  1
 27:   0.0000  0.0000  1.0000  1
 28:   0.9197  0.0000  0.0803  1
 29:   0.0000  0.0000  1.0000  1
 30:   0.0000  0.0000  1.0000  1
 31:   0.0000  1.0000  0.0000  1
 32:   0.9222  0.0778  0.0000  1
 33:   0.8114  0.0000  0.1886  1
 34:   0.9504  0.0496  0.0000  1
 35:   0.8792  0.0000  0.1208  1
 36:   1.0000  0.0000  0.0000  1
 37:   0.8997  0.0060  0.0943  1
 38:   0.0000  0.0000  1.0000  1
 39:   0.9486  0.0127  0.0387  1
 40:   0.0000  0.0000  1.0000  1
 41:   0.0000  0.0000  1.0000  1
 42:   0.0000  0.0000  1.0000  1
 43:   0.0213  0.0158  0.9629  1
 44:   0.8320  0.0034  0.1646  1
 45:   0.9655  0.0345  0.0000  1
 46:   0.0000  0.0000  1.0000  1
 47:   0.8999  0.1001  0.0000  1
 48:   1.0000  0.0000  0.0000  1
 49:   0.8830  0.0495  0.0675  1
 50:   0.9488  0.0000  0.0512  1
 51:   0.0000  0.0000  1.0000  1
 52:   0.0000  0.0000  1.0000  1
 53:   0.9305  0.0695  0.0000  1
 54:   0.0000  1.0000  0.0000  1
 55:   0.9554  0.0000  0.0446  1
 56:   0.0000  1.0000  0.0000  1
 57:   0.9911  0.0089  0.0000  1
 58:   0.9180  0.0000  0.0820  1
 59:   0.0000  0.0000  1.0000  1
 60:   1.0000  0.0000  0.0000  1
 61:   1.0000  0.0000  0.0000  1
 62:   0.0000  0.0000  1.0000  1
 63:   0.9190  0.0810  0.0000  1
 64:   0.9711  0.0289  0.0000  1
 65:   0.7994  0.1511  0.0495  1
 66:   0.0000  0.0000  1.0000  1
 67:   0.0000  1.0000  0.0000  1
 68:   0.0000  1.0000  0.0000  1
 69:   0.9827  0.0173  0.0000  1
 70:   0.9683  0.0000  0.0317  1
 71:   0.0000  0.0000  1.0000  1
 72:   0.0000  0.1222  0.8778  1
 73:   0.0000  0.0000  1.0000  1
 74:   0.8141  0.1859  0.0000  1
 75:   1.0000  0.0000  0.0000  1
 76:   1.0000  0.0000  0.0000  1
 77:   0.0000  0.0283  0.9717  1
 78:   0.0000  1.0000  0.0000  1
 79:   1.0000  0.0000  0.0000  1
 80:   0.0000  0.0000  1.0000  1
 81:   0.0000  1.0000  0.0000  1
 82:   0.9692  0.0308  0.0000  1
 83:   0.8483  0.0000  0.1517  1
 84:   0.8566  0.1040  0.0394  1
 85:   1.0000  0.0000  0.0000  1
 86:   0.9154  0.0000  0.0846  1
 87:   0.0000  0.0000  1.0000  1
 88:   0.9388  0.0000  0.0612  1
 89:   1.0000  0.0000  0.0000  1
 90:   0.0000  0.0000  1.0000  1
 91:   1.0000  0.0000  0.0000  1
 92:   1.0000  0.0000  0.0000  1
 93:   0.0000  1.0000  0.0000  1
 94:   0.0000  1.0000  0.0000  1
 95:   0.7153  0.0209  0.2638  1
 96:   0.0000  0.0000  1.0000  1
 97:   0.8226  0.0000  0.1774  1
 98:   0.8373  0.0000  0.1627  1
 99:   0.5002  0.0000  0.4998  1
100:   0.0751  0.3812  0.5437  1
101:   0.0051  0.0000  0.9949  1
102:   0.0000  0.0000  1.0000  1
103:   0.9629  0.0371  0.0000  1
104:   0.0766  0.2973  0.6261  1
105:   0.1796  0.0000  0.8204  1
106:   0.0000  0.0000  1.0000  1
107:   0.0000  0.0000  1.0000  1
108:   0.0000  0.0449  0.9551  1
109:   1.0000  0.0000  0.0000  1
110:   0.0000  0.0408  0.9592  1
111:   0.0000  0.0000  1.0000  1
112:   0.9683  0.0000  0.0317  1
113:   0.7301  0.0000  0.2699  1
114:   0.6678  0.0953  0.2369  1
115:   0.9317  0.0000  0.0683  1
116:   0.1247  0.2157  0.6596  1
117:   0.0000  0.1726  0.8274  1
118:   0.9067  0.0000  0.0933  1
119:   0.0000  0.1567  0.8433  1
120:   0.0000  0.2172  0.7828  1
121:   0.0285  0.0000  0.9715  1
122:   0.0872  0.0143  0.8985  1
123:   0.0000  0.2670  0.7330  1
124:   0.9842  0.0158  0.0000  1
125:   0.9107  0.0000  0.0893  1
126:   0.0000  0.0000  1.0000  1
127:   0.9714  0.0000  0.0286  1
128:   0.0000  1.0000  0.0000  1
129:   0.0000  0.0000  1.0000  1
130:   0.0783  0.9217  0.0000  1
131:   0.0000  0.0000  1.0000  1
132:   1.0000  0.0000  0.0000  1
133:   0.0000  0.8050  0.1950  1
134:   0.0000  0.8165  0.1835  1
135:   0.0600  0.0702  0.8698  1
136:   0.0000  1.0000  0.0000  1
137:   0.0000  0.0000  1.0000  1
138:   1.0000  0.0000  0.0000  1
139:   0.0000  1.0000  0.0000  1
140:   0.0000  0.1143  0.8857  1
141:   0.7771  0.2229  0.0000  1
142:   0.0000  1.0000  0.0000  1
143:   0.0000  0.4169  0.5831  1
144:   0.0000  1.0000  0.0000  1
145:   0.0000  1.0000  0.0000  1
146:   0.8672  0.1328  0.0000  1
147:   0.9606  0.0000  0.0394  1
148:   0.0000  1.0000  0.0000  1
149:   0.0000  0.3187  0.6813  1
150:   0.0000  0.0305  0.9695  1
151:   0.7576  0.0000  0.2424  1
152:   0.2273  0.1553  0.6174  1
153:   0.0000  0.0366  0.9634  1
154:   0.0000  0.2036  0.7964  1
155:   0.0273  0.1342  0.8385  1
156:   0.0000  0.2008  0.7992  1
157:   0.0000  0.0000  1.0000  1
158:   0.7678  0.0000  0.2322  1
159:   0.2197  0.0000  0.7803  1
160:   0.0000  1.0000  0.0000  1
161:   0.7660  0.0000  0.2340  1
162:   0.8294  0.0000  0.1706  1
163:   0.0000  1.0000  0.0000  1
164:   0.0000  1.0000  0.0000  1
165:   0.6663  0.0000  0.3337  1
166:   0.0000  0.0000  1.0000  1
167:   0.1790  0.0000  0.8210  1
168:   0.7943  0.2057  0.0000  1
169:   0.0000  0.1333  0.8667  1
170:   0.7954  0.0000  0.2046  1
171:   0.2482  0.0457  0.7061  1
172:   0.0000  0.0000  1.0000  1
173:   0.0000  0.8982  0.1018  1
174:   0.0000  0.0000  1.0000  1
175:   0.0000  0.1392  0.8608  1
176:   0.2825  0.1922  0.5253  1
177:   0.0000  1.0000  0.0000  1
178:   0.1740  0.3097  0.5163  1
179:   0.0653  0.0000  0.9347  1
180:   0.2358  0.0000  0.7642  1
181:   0.0000  0.0726  0.9274  1
182:   0.0000  0.0000  1.0000  1
183:   0.0000  1.0000  0.0000  1
184:   0.5253  0.4263  0.0484  1
185:   0.0000  0.0000  1.0000  1
186:   0.0000  0.0000  1.0000  1
187:   0.9167  0.0000  0.0833  1
188:   0.7380  0.2620  0.0000  1
189:   1.0000  0.0000  0.0000  1
190:   0.0000  0.2661  0.7339  1
191:   0.0000  1.0000  0.0000  1
192:   1.0000  0.0000  0.0000  1
193:   0.0000  1.0000  0.0000  1
194:   0.1273  0.1994  0.6732  1
195:   0.9155  0.0000  0.0845  1
196:   0.0000  0.0000  1.0000  1
197:   0.0000  0.4488  0.5512  1
198:   0.0000  0.0409  0.9591  1
199:   0.5998  0.0000  0.4002  1
200:   0.3182  0.0000  0.6818  1
201:   0.6571  0.3429  0.0000  1
202:   0.0000  1.0000  0.0000  1
203:   0.0000  1.0000  0.0000  1
204:   0.0000  1.0000  0.0000  1
205:   0.0000  1.0000  0.0000  1
206:   0.7746  0.2254  0.0000  1
207:   0.1963  0.0000  0.8037  1
208:   0.1795  0.7327  0.0878  1
209:   0.0000  0.0000  1.0000  1
210:   0.0000  1.0000  0.0000  1
211:   0.0000  1.0000  0.0000  1
212:   0.9994  0.0000  0.0006  1
213:   0.0000  1.0000  0.0000  1
214:   1.0000  0.0000  0.0000  1
215:   0.0000  1.0000  0.0000  1
216:   1.0000  0.0000  0.0000  1
217:   0.0000  1.0000  0.0000  1
218:   1.0000  0.0000  0.0000  1
219:   0.3532  0.2262  0.4205  1
220:   0.0000  0.7095  0.2905  1
221:   0.0000  1.0000  0.0000  1
222:   0.0000  1.0000  0.0000  1
223:   0.0000  0.0283  0.9717  1
224:   0.0000  1.0000  0.0000  1
225:   0.0000  1.0000  0.0000  1
226:   0.0000  1.0000  0.0000  1
227:   0.0313  0.9687  0.0000  1
228:   1.0000  0.0000  0.0000  1
229:   0.9696  0.0000  0.0304  1
230:   0.0000  0.3139  0.6861  1

