  1:   0.1228  0.8772  1
  2:   0.0000  1.0000  1
  3:   0.0000  1.0000  1
  4:   0.0000  1.0000  1
  5:   0.0000  1.0000  1
  6:   1.0000  0.0000  1
  7:   0.9002  0.0998  1
  8:   0.0000  1.0000  1
  9:   0.0000  1.0000  1
 10:   1.0000  0.0000  1
 11:   0.0000  1.0000  1
 12:   0.0000  1.0000  1
 13:   0.0000  1.0000  1
 14:   1.0000  0.0000  1
 15:   0.0000  1.0000  1
 16:   1.0000  0.0000  1
 17:   0.0000  1.0000  1
 18:   0.0000  1.0000  1
 19:   0.9687  0.0313  1
 20:   0.0000  1.0000  1
 21:   0.0000  1.0000  1
 22:   0.0000  1.0000  1
 23:   1.0000  0.0000  1
 24:   0.9556  0.0444  1
 25:   0.0000  1.0000  1
 26:   1.0000  0.0000  1
 27:   0.0000  1.0000  1
 28:   0.9516  0.0484  1
 29:   0.0000  1.0000  1
 30:   0.0000  1.0000  1
 31:   0.1245  0.8755  1
 32:   0.9775  0.0225  1
 33:   0.8386  0.1614  1
 34:   1.0000  0.0000  1
 35:   0.9114  0.0886  1
 36:   1.0000  0.0000  1
 37:   0.9147  0.0853  1
 38:   0.0000  1.0000  1
 39:   0.9868  0.0132  1
 40:   0.0000  1.0000  1
 41:   0.0000  1.0000  1
 42:   0.0000  1.0000  1
 43:   0.0098  0.9902  1
 44:   0.8443  0.1557  1
 45:   1.0000  0.0000  1
 46:   0.0000  1.0000  1
 47:   0.9202  0.0798  1
 48:   1.0000  0.0000  1
 49:   0.9161  0.0839  1
 50:   0.9773  0.0227  1
 51:   0.0000  1.0000  1
 52:   0.0000  1.0000  1
 53:   0.9661  0.0339  1
 54:   0.3183  0.6817  1
 55:   1.0000  0.0000  1
 56:   0.1611  0.8389  1
 57:   1.0000  0.0000  1
 58:   0.9241  0.0759  1
 59:   0.0000  1.0000  1
 60:   1.0000  0.0000  1
 61:   1.0000  0.0000  1
 62:   0.0000  1.0000  1
 63:   0.9698  0.0302  1
 64:   1.0000  0.0000  1
 65:   0.9039  0.0961  1
 66:   0.0000  1.0000  1
 67:   0.3222  0.6778  1
 68:   0.1669  0.8331  1
 69:   1.0000  0.0000  1
 70:   0.9670  0.0330  1
 71:   0.0000  1.0000  1
 72:   0.0146  0.9854  1
 73:   0.0000  1.0000  1
 74:   0.9216  0.0784  1
 75:   1.0000  0.0000  1
 76:   1.0000  0.0000  1
 77:   0.0000  1.0000  1
 78:   0.1002  0.8998  1
 79:   1.0000  0.0000  1
 80:   0.0000  1.0000  1
 81:   0.0824  0.9176  1
 82:   1.0000  0.0000  1
 83:   0.8708  0.1292  1
 84:   0.9452  0.0548  1
 85:   1.0000  0.0000  1
 86:   0.9254  0.0746  1
 87:   0.0000  1.0000  1
 88:   0.9474  0.0526  1
 89:   1.0000  0.0000  1
 90:   0.0000  1.0000  1
 91:   1.0000  0.0000  1
 92:   1.0000  0.0000  1
 93:   0.1192  0.8808  1
 94:   0.2848  0.7152  1
 95:   0.7323  0.2677  1
 96:   0.0000  1.0000  1
 97:   0.8286  0.1714  1
 98:   0.8519  0.1481  1
 99:   0.4799  0.5201  1
100:   0.1674  0.8326  1
101:   0.0401  0.9599  1
102:   0.0000  1.0000  1
103:   1.0000  0.0000  1
104:   0.0844  0.9156  1
105:   0.1941  0.8059  1
106:   0.0000  1.0000  1
107:   0.0121  0.9879  1
108:   0.0000  1.0000  1
109:   1.0000  0.0000  1
110:   0.0000  1.0000  1
111:   0.0423  0.9577  1
112:   1.0000  0.0000  1
113:   0.7551  0.2449  1
114:   0.7001  0.2999  1
115:   0.9296  0.0704  1
116:   0.1849  0.8151  1
117:   0.0000  1.0000  1
118:   0.9411  0.0589  1
119:   0.0000  1.0000  1
120:   0.0000  1.0000  1
121:   0.0362  0.9638  1
122:   0.0611  0.9389  1
123:   0.0000  1.0000  1
124:   1.0000  0.0000  1
125:   0.9178  0.0822  1
126:   0.0000  1.0000  1
127:   1.0000  0.0000  1
128:   0.1006  0.8994  1
129:   0.0000  1.0000  1
130:   0.1058  0.8942  1
131:   0.0000  1.0000  1
132:   1.0000  0.0000  1
133:   0.0965  0.9035  1
134:   0.0567  0.9433  1
135:   0.0617  0.9383  1
136:   0.0000  1.0000  1
137:   0.0000  1.0000  1
138:   1.0000  0.0000  1
139:   0.1944  0.8056  1
140:   0.0000  1.0000  1
141:   1.0000  0.0000  1
142:   0.3626  0.6374  1
143:   0.0000  1.0000  1
144:   0.0000  1.0000  1
145:   0.0785  0.9215  1
146:   1.0000  0.0000  1
147:   0.9761  0.0239  1
148:   0.5577  0.4423  1
149:   0.0000  1.0000  1
150:   0.0000  1.0000  1
151:   0.7579  0.2421  1
152:   0.2528  0.7472  1
153:   0.0000  1.0000  1
154:   0.0000  1.0000  1
155:   0.0284  0.9716  1
156:   0.0000  1.0000  1
157:   0.0000  1.0000  1
158:   0.7626  0.2374  1
159:   0.2206  0.7794  1
160:   0.0721  0.9279  1
161:   0.7645  0.2355  1
162:   0.8557  0.1443  1
163:   0.0009  0.9991  1
164:   0.0573  0.9427  1
165:   0.6992  0.3008  1
166:   0.0000  1.0000  1
167:   0.1998  0.8002  1
168:   1.0000  0.0000  1
169:   0.0000  1.0000  1
170:   0.8282  0.1718  1
171:   0.2370  0.7630  1
172:   0.0331  0.9669  1
173:   0.0000  1.0000  1
174:   0.0000  1.0000  1
175:   0.0000  1.0000  1
176:   0.3160  0.6840  1
177:   0.0000  1.0000  1
178:   0.2686  0.7314  1
179:   0.0734  0.9266  1
180:   0.2756  0.7244  1
181:   0.0000  1.0000  1
182:   0.0000  1.0000  1
183:   0.0000  1.0000  1
184:   0.5847  0.4153  1
185:   0.0000  1.0000  1
186:   0.0000  1.0000  1
187:   0.9151  0.0849  1
188:   1.0000  0.0000  1
189:   1.0000  0.0000  1
190:   0.0000  1.0000  1
191:   0.2399  0.7601  1
192:   1.0000  0.0000  1
193:   0.1050  0.8950  1
194:   0.1518  0.8482  1
195:   0.9530  0.0470  1
196:   0.0000  1.0000  1
197:   0.1977  0.8023  1
198:   0.0000  1.0000  1
199:   0.5538  0.4462  1
200:   0.3405  0.6595  1
201:   0.8671  0.1329  1
202:   0.3275  0.6725  1
203:   0.0000  1.0000  1
204:   0.2951  0.7049  1
205:   0.3152  0.6848  1
206:   0.8425  0.1575  1
207:   0.2091  0.7909  1
208:   0.3304  0.6696  1
209:   0.0000  1.0000  1
210:   0.0000  1.0000  1
211:   0.1882  0.8118  1
212:   1.0000  0.0000  1
213:   0.0016  0.9984  1
214:   1.0000  0.0000  1
215:   0.0002  0.9998  1
216:   1.0000  0.0000  1
217:   0.6656  0.3344  1
218:   1.0000  0.0000  1
219:   0.4083  0.5917  1
220:   0.1130  0.8870  1
221:   0.0000  1.0000  1
222:   0.2180  0.7820  1
223:   0.0000  1.0000  1
224:   0.2371  0.7629  1
225:   0.4668  0.5332  1
226:   0.3914  0.6086  1
227:   0.5249  0.4751  1
228:   1.0000  0.0000  1
229:   0.9787  0.0213  1
230:   0.0001  0.9999  1
