  1:   0.2211  0.2854  0.4935  1
  2:   0.0000  0.3365  0.6635  1
  3:   0.2201  0.7004  0.0795  1
  4:   0.2656  0.5599  0.1744  1
  5:   0.2973  0.7027  0.0000  1
  6:   1.0000  0.0000  0.0000  1
  7:   0.5418  0.4582  0.0000  1
  8:   0.0000  0.0000  1.0000  1
  9:   0.1150  0.2715  0.6135  1
 10:   0.0000  0.3953  0.6047  1
 11:   0.4839  0.1946  0.3215  1
 12:   0.0000  0.0000  1.0000  1
 13:   0.7648  0.1156  0.1196  1
 14:   0.0000  1.0000  0.0000  1
 15:   0.5439  0.2615  0.1947  1
 16:   0.0000  0.0000  1.0000  1
 17:   1.0000  0.0000  0.0000  1
 18:   0.3294  0.5634  0.1072  1
 19:   0.0000  0.4418  0.5582  1
 20:   0.0000  0.6913  0.3087  1
 21:   0.8296  0.0819  0.0885  1
 22:   0.2771  0.0000  0.7229  1
 23:   0.7284  0.2716  0.0000  1
 24:   0.3756  0.6244  0.0000  1
 25:   1.0000  0.0000  0.0000  1
 26:   0.4610  0.5390  0.0000  1
 27:   0.0000  1.0000  0.0000  1
 28:   0.0474  0.5031  0.4495  1
 29:   0.2859  0.4052  0.3089  1
 30:   1.0000  0.0000  0.0000  1
 31:   0.7104  0.1787  0.1110  1
 32:   0.2137  0.3805  0.4058  1
 33:   0.0000  1.0000  0.0000  1
 34:   0.8730  0.0000  0.1270  1
 35:   0.0000  1.0000  0.0000  1
 36:   0.4781  0.5219  0.0000  1
 37:   0.0000  0.0000  1.0000  1
 38:   1.0000  0.0000  0.0000  1
 39:   0.3354  0.6290  0.0356  1
 40:   0.0000  1.0000  0.0000  1
 41:   0.4048  0.4797  0.1154  1
 42:   0.0000  1.0000  0.0000  1
 43:   0.0000  1.0000  0.0000  1
 44:   0.0000  0.0000  1.0000  1
 45:   0.0000  1.0000  0.0000  1
 46:   0.0840  0.5531  0.3629  1
 47:   0.0000  0.8125  0.1875  1
 48:   0.2241  0.7759  0.0000  1
 49:   0.0000  1.0000  0.0000  1
 50:   0.0000  0.0000  1.0000  1
 51:   0.4357  0.5643  0.0000  1
 52:   0.6091  0.3909  0.0000  1
 53:   0.2277  0.4224  0.3499  1
 54:   0.5459  0.4541  0.0000  1
 55:   0.0000  0.0000  1.0000  1
 56:   0.0000  0.4346  0.5654  1
 57:   0.0000  1.0000  0.0000  1
 58:   0.2404  0.2816  0.4780  1
 59:   0.0701  0.7949  0.1350  1
 60:   0.1522  0.5199  0.3279  1
 61:   0.0000  0.0000  1.0000  1
 62:   0.7636  0.0000  0.2364  1
 63:   0.5462  0.1415  0.3124  1
 64:   0.0000  0.0000  1.0000  1
 65:   0.2108  0.6075  0.1817  1
 66:   0.3654  0.6346  0.0000  1
 67:   0.4529  0.2148  0.3323  1
 68:   0.0566  0.4163  0.5271  1
 69:   0.0000  1.0000  0.0000  1
 70:   0.0000  0.0000  1.0000  1
 71:   0.3222  0.3433  0.3345  1
 72:   0.0264  0.0000  0.9736  1
 73:   0.0000  0.4471  0.5529  1
 74:   0.2384  0.3667  0.3949  1
 75:   0.2745  0.4993  0.2262  1
 76:   1.0000  0.0000  0.0000  1
 77:   0.8780  0.0000  0.1220  1
 78:   0.1832  0.0000  0.8168  1
 79:   0.2265  0.0441  0.7294  1
 80:   0.0000  1.0000  0.0000  1
 81:   0.0549  0.1529  0.7921  1
 82:   0.0000  0.0000  1.0000  1
 83:   1.0000  0.0000  0.0000  1
 84:   0.3426  0.3248  0.3326  1
 85:   0.0000  1.0000  0.0000  1
 86:   1.0000  0.0000  0.0000  1
 87:   0.0000  0.0000  1.0000  1
 88:   0.0483  0.5465  0.4052  1
 89:   0.6579  0.0000  0.3421  1
 90:   0.4489  0.0000  0.5511  1
 91:   0.4580  0.0000  0.5420  1
 92:   0.0000  0.7902  0.2098  1
 93:   1.0000  0.0000  0.0000  1
 94:   1.0000  0.0000  0.0000  1
 95:   1.0000  0.0000  0.0000  1
 96:   0.4019  0.0000  0.5981  1
 97:   0.2827  0.2857  0.4316  1
 98:   0.0863  0.3661  0.5476  1
 99:   0.4485  0.0963  0.4552  1
100:   0.7935  0.2065  0.0000  1
101:   0.0586  0.5146  0.4268  1
102:   0.1922  0.3772  0.4306  1
103:   0.0000  0.7607  0.2393  1
104:   1.0000  0.0000  0.0000  1
105:   0.5071  0.4424  0.0505  1
106:   0.3049  0.3047  0.3904  1
107:   0.4914  0.5086  0.0000  1
108:   0.2549  0.3131  0.4320  1
109:   0.3337  0.6487  0.0176  1
110:   0.0000  1.0000  0.0000  1
111:   0.4675  0.5325  0.0000  1
112:   0.3318  0.2506  0.4176  1
113:   0.7115  0.2885  0.0000  1
114:   0.0000  0.6199  0.3801  1
115:   0.1306  0.2412  0.6282  1
116:   0.2851  0.2845  0.4304  1
117:   0.4787  0.5213  0.0000  1
118:   0.0000  1.0000  0.0000  1
119:   0.4250  0.3077  0.2672  1
120:   0.3015  0.2691  0.4294  1
121:   0.0000  0.4201  0.5799  1
122:   0.2496  0.3153  0.4351  1
123:   0.2518  0.3149  0.4333  1
124:   0.2709  0.4026  0.3266  1
125:   0.0000  1.0000  0.0000  1
126:   0.2851  0.2845  0.4304  1
127:   0.2416  0.4344  0.3240  1
128:   0.3225  0.2868  0.3907  1
129:   0.7931  0.2069  0.0000  1
130:   1.0000  0.0000  0.0000  1
131:   0.1587  0.8413  0.0000  1
132:   0.4321  0.0000  0.5679  1
133:   0.0000  0.0000  1.0000  1
134:   0.2646  0.3070  0.4284  1
135:   0.3041  0.4500  0.2459  1
136:   0.1292  0.5672  0.3035  1
137:   0.0000  1.0000  0.0000  1
138:   0.2926  0.2354  0.4720  1
139:   1.0000  0.0000  0.0000  1
140:   0.0000  1.0000  0.0000  1
141:   0.4237  0.2992  0.2771  1
142:   0.6367  0.1028  0.2606  1
143:   1.0000  0.0000  0.0000  1
144:   0.5403  0.0000  0.4597  1
145:   0.0000  0.3361  0.6639  1
146:   0.7286  0.2714  0.0000  1
147:   0.6887  0.0000  0.3113  1
148:   0.5433  0.2643  0.1924  1
149:   0.2627  0.0000  0.7373  1
150:   0.0000  0.0000  1.0000  1
151:   0.1849  0.3402  0.4749  1
152:   0.2920  0.3905  0.3174  1
153:   0.0000  0.2783  0.7217  1
154:   0.4406  0.4176  0.1417  1
155:   0.2192  0.3755  0.4053  1
156:   0.3733  0.3280  0.2987  1
157:   0.0000  1.0000  0.0000  1
158:   0.0000  0.5137  0.4863  1
159:   0.5913  0.0002  0.4085  1
160:   0.0768  0.2340  0.6893  1
161:   0.0000  0.4112  0.5888  1
162:   0.5399  0.4601  0.0000  1
163:   0.5142  0.3736  0.1121  1
164:   0.0909  0.6578  0.2513  1
165:   0.1101  0.3832  0.5066  1
166:   0.3755  0.5185  0.1060  1
167:   0.0161  0.5773  0.4066  1
168:   0.5014  0.4986  0.0000  1
169:   0.4091  0.5909  0.0000  1
170:   0.3237  0.2757  0.4006  1
171:   0.4849  0.3679  0.1473  1
172:   0.0000  0.8775  0.1225  1
173:   1.0000  0.0000  0.0000  1
174:   0.6185  0.3815  0.0000  1
175:   0.2737  0.7263  0.0000  1
176:   0.6419  0.3581  0.0000  1
177:   0.3868  0.3774  0.2358  1
178:   0.2584  0.7416  0.0000  1
179:   0.4753  0.5247  0.0000  1
180:   0.0000  1.0000  0.0000  1
181:   0.6450  0.3015  0.0535  1
182:   0.9999  0.0001  0.0000  1
183:   0.1929  0.7222  0.0849  1
184:   0.0000  1.0000  0.0000  1
185:   0.0000  0.7610  0.2390  1
186:   0.7742  0.0000  0.2258  1
187:   0.6404  0.3596  0.0000  1
188:   0.3129  0.5041  0.1830  1
189:   0.5087  0.3278  0.1634  1
190:   0.5089  0.4911  0.0000  1
191:   0.8191  0.0000  0.1809  1
192:   0.0575  0.4917  0.4508  1
193:   0.1343  0.6914  0.1743  1
194:   0.4981  0.5019  0.0000  1
195:   0.3015  0.1260  0.5725  1
196:   0.5376  0.0000  0.4624  1
197:   0.0000  0.0000  1.0000  1
198:   0.0000  0.1526  0.8474  1
199:   0.0000  0.0000  1.0000  1
200:   0.3283  0.3440  0.3277  1
201:   0.0000  0.7651  0.2349  1
202:   0.0000  0.3177  0.6823  1
203:   0.0000  1.0000  0.0000  1
204:   0.0000  0.0000  1.0000  1
205:   0.3934  0.2642  0.3424  1
206:   0.7605  0.0000  0.2395  1
207:   0.0000  0.4599  0.5401  1
208:   0.0000  0.0000  1.0000  1
209:   0.0000  0.0000  1.0000  1
210:   0.0000  0.0000  1.0000  1
211:   0.2041  0.0000  0.7959  1
212:   0.2656  0.5761  0.1583  1
213:   1.0000  0.0000  0.0000  1
214:   0.5543  0.0000  0.4457  1
215:   0.3955  0.3889  0.2156  1
216:   0.0000  0.0000  1.0000  1
217:   0.0000  0.5954  0.4046  1
218:   1.0000  0.0000  0.0000  1
219:   0.4038  0.0000  0.5962  1
220:   0.0000  1.0000  0.0000  1
221:   0.0000  1.0000  0.0000  1
222:   0.0000  0.0000  1.0000  1
223:   0.0000  1.0000  0.0000  1
224:   0.8143  0.0558  0.1300  1
225:   0.0000  1.0000  0.0000  1
226:   0.3782  0.0000  0.6218  1
227:   0.1722  0.0000  0.8278  1
228:   0.3187  0.4869  0.1945  1
229:   0.5616  0.0000  0.4384  1
230:   1.0000  0.0000  0.0000  1
231:   0.0000  1.0000  0.0000  1
232:   0.0000  0.0000  1.0000  1
233:   0.4249  0.0000  0.5751  1
234:   0.4043  0.3854  0.2103  1
235:   0.3976  0.6024  0.0000  1
236:   0.0000  0.0000  1.0000  1
237:   1.0000  0.0000  0.0000  1
238:   0.0886  0.3333  0.5781  1
239:   0.2584  0.2885  0.4531  1
240:   0.5185  0.1536  0.3279  1
241:   0.0000  0.0000  1.0000  1
242:   0.0000  1.0000  0.0000  1
243:   0.2559  0.1731  0.5711  1
244:   0.2856  0.0000  0.7144  1
245:   0.0000  0.6279  0.3721  1
246:   0.7560  0.0000  0.2440  1
247:   0.0000  0.7150  0.2850  1
248:   0.2403  0.4271  0.3325  1
249:   0.0000  0.8097  0.1903  1
250:   0.2539  0.3753  0.3708  1
251:   1.0000  0.0000  0.0000  1
252:   0.0000  0.5430  0.4570  1
253:   0.5023  0.0253  0.4723  1
254:   1.0000  0.0000  0.0000  1
255:   1.0000  0.0000  0.0000  1
256:   0.0000  0.0000  1.0000  1
257:   0.6015  0.0000  0.3985  1
258:   0.6606  0.0000  0.3394  1
259:   0.0000  0.0000  1.0000  1
260:   0.0000  0.0000  1.0000  1
261:   0.3988  0.3169  0.2843  1
262:   0.0000  0.4811  0.5189  1

  1:   0.2211  0.2854  0.4935  1
  2:   0.0000  0.3365  0.6635  1
  3:   0.2201  0.7004  0.0795  1
  4:   0.2656  0.5599  0.1744  1
  5:   0.2973  0.7027  0.0000  1
  6:   1.0000  0.0000  0.0000  1
  7:   0.5418  0.4582  0.0000  1
  8:   0.0000  0.0000  1.0000  1
  9:   0.1150  0.2715  0.6135  1
 10:   0.0000  0.3953  0.6047  1
 11:   0.4839  0.1946  0.3215  1
 12:   0.0000  0.0000  1.0000  1
 13:   0.7648  0.1156  0.1196  1
 14:   0.0000  1.0000  0.0000  1
 15:   0.5439  0.2615  0.1947  1
 16:   0.0000  0.0000  1.0000  1
 17:   1.0000  0.0000  0.0000  1
 18:   0.3294  0.5634  0.1072  1
 19:   0.0000  0.4418  0.5582  1
 20:   0.0000  0.6913  0.3087  1
 21:   0.8296  0.0819  0.0885  1
 22:   0.2771  0.0000  0.7229  1
 23:   0.7284  0.2716  0.0000  1
 24:   0.3756  0.6244  0.0000  1
 25:   1.0000  0.0000  0.0000  1
 26:   0.4610  0.5390  0.0000  1
 27:   0.0000  1.0000  0.0000  1
 28:   0.0474  0.5031  0.4495  1
 29:   0.2859  0.4052  0.3089  1
 30:   1.0000  0.0000  0.0000  1
 31:   0.7104  0.1787  0.1110  1
 32:   0.2137  0.3805  0.4058  1
 33:   0.0000  1.0000  0.0000  1
 34:   0.8730  0.0000  0.1270  1
 35:   0.0000  1.0000  0.0000  1
 36:   0.4781  0.5219  0.0000  1
 37:   0.0000  0.0000  1.0000  1
 38:   1.0000  0.0000  0.0000  1
 39:   0.3354  0.6290  0.0356  1
 40:   0.0000  1.0000  0.0000  1
 41:   0.4048  0.4797  0.1154  1
 42:   0.0000  1.0000  0.0000  1
 43:   0.0000  1.0000  0.0000  1
 44:   0.0000  0.0000  1.0000  1
 45:   0.0000  1.0000  0.0000  1
 46:   0.0840  0.5531  0.3629  1
 47:   0.0000  0.8125  0.1875  1
 48:   0.2241  0.7759  0.0000  1
 49:   0.0000  1.0000  0.0000  1
 50:   0.0000  0.0000  1.0000  1
 51:   0.4357  0.5643  0.0000  1
 52:   0.6091  0.3909  0.0000  1
 53:   0.2277  0.4224  0.3499  1
 54:   0.5459  0.4541  0.0000  1
 55:   0.0000  0.0000  1.0000  1
 56:   0.0000  0.4346  0.5654  1
 57:   0.0000  1.0000  0.0000  1
 58:   0.2404  0.2816  0.4780  1
 59:   0.0701  0.7949  0.1350  1
 60:   0.1522  0.5199  0.3279  1
 61:   0.0000  0.0000  1.0000  1
 62:   0.7636  0.0000  0.2364  1
 63:   0.5462  0.1415  0.3124  1
 64:   0.0000  0.0000  1.0000  1
 65:   0.2108  0.6075  0.1817  1
 66:   0.3654  0.6346  0.0000  1
 67:   0.4529  0.2148  0.3323  1
 68:   0.0566  0.4163  0.5271  1
 69:   0.0000  1.0000  0.0000  1
 70:   0.0000  0.0000  1.0000  1
 71:   0.3222  0.3433  0.3345  1
 72:   0.0264  0.0000  0.9736  1
 73:   0.0000  0.4471  0.5529  1
 74:   0.2384  0.3667  0.3949  1
 75:   0.2745  0.4993  0.2262  1
 76:   1.0000  0.0000  0.0000  1
 77:   0.8780  0.0000  0.1220  1
 78:   0.1832  0.0000  0.8168  1
 79:   0.2265  0.0441  0.7294  1
 80:   0.0000  1.0000  0.0000  1
 81:   0.0549  0.1529  0.7921  1
 82:   0.0000  0.0000  1.0000  1
 83:   1.0000  0.0000  0.0000  1
 84:   0.3426  0.3248  0.3326  1
 85:   0.0000  1.0000  0.0000  1
 86:   1.0000  0.0000  0.0000  1
 87:   0.0000  0.0000  1.0000  1
 88:   0.0483  0.5465  0.4052  1
 89:   0.6579  0.0000  0.3421  1
 90:   0.4489  0.0000  0.5511  1
 91:   0.4580  0.0000  0.5420  1
 92:   0.0000  0.7902  0.2098  1
 93:   1.0000  0.0000  0.0000  1
 94:   1.0000  0.0000  0.0000  1
 95:   1.0000  0.0000  0.0000  1
 96:   0.4019  0.0000  0.5981  1
 97:   0.2827  0.2857  0.4316  1
 98:   0.0863  0.3661  0.5476  1
 99:   0.4485  0.0963  0.4552  1
100:   0.7935  0.2065  0.0000  1
101:   0.0586  0.5146  0.4268  1
102:   0.1922  0.3772  0.4306  1
103:   0.0000  0.7607  0.2393  1
104:   1.0000  0.0000  0.0000  1
105:   0.5071  0.4424  0.0505  1
106:   0.3049  0.3047  0.3904  1
107:   0.4914  0.5086  0.0000  1
108:   0.2549  0.3131  0.4320  1
109:   0.3337  0.6487  0.0176  1
110:   0.0000  1.0000  0.0000  1
111:   0.4675  0.5325  0.0000  1
112:   0.3318  0.2506  0.4176  1
113:   0.7115  0.2885  0.0000  1
114:   0.0000  0.6199  0.3801  1
115:   0.1306  0.2412  0.6282  1
116:   0.2851  0.2845  0.4304  1
117:   0.4787  0.5213  0.0000  1
118:   0.0000  1.0000  0.0000  1
119:   0.4250  0.3077  0.2672  1
120:   0.3015  0.2691  0.4294  1
121:   0.0000  0.4201  0.5799  1
122:   0.2496  0.3153  0.4351  1
123:   0.2518  0.3149  0.4333  1
124:   0.2709  0.4026  0.3266  1
125:   0.0000  1.0000  0.0000  1
126:   0.2851  0.2845  0.4304  1
127:   0.2416  0.4344  0.3240  1
128:   0.3225  0.2868  0.3907  1
129:   0.7931  0.2069  0.0000  1
130:   1.0000  0.0000  0.0000  1
131:   0.1587  0.8413  0.0000  1
132:   0.4321  0.0000  0.5679  1
133:   0.0000  0.0000  1.0000  1
134:   0.2646  0.3070  0.4284  1
135:   0.3041  0.4500  0.2459  1
136:   0.1292  0.5672  0.3035  1
137:   0.0000  1.0000  0.0000  1
138:   0.2926  0.2354  0.4720  1
139:   1.0000  0.0000  0.0000  1
140:   0.0000  1.0000  0.0000  1
141:   0.4237  0.2992  0.2771  1
142:   0.6367  0.1028  0.2606  1
143:   1.0000  0.0000  0.0000  1
144:   0.5403  0.0000  0.4597  1
145:   0.0000  0.3361  0.6639  1
146:   0.7286  0.2714  0.0000  1
147:   0.6887  0.0000  0.3113  1
148:   0.5433  0.2643  0.1924  1
149:   0.2627  0.0000  0.7373  1
150:   0.0000  0.0000  1.0000  1
151:   0.1849  0.3402  0.4749  1
152:   0.2920  0.3905  0.3174  1
153:   0.0000  0.2783  0.7217  1
154:   0.4406  0.4176  0.1417  1
155:   0.2192  0.3755  0.4053  1
156:   0.3733  0.3280  0.2987  1
157:   0.0000  1.0000  0.0000  1
158:   0.0000  0.5137  0.4863  1
159:   0.5913  0.0002  0.4085  1
160:   0.0768  0.2340  0.6893  1
161:   0.0000  0.4112  0.5888  1
162:   0.5399  0.4601  0.0000  1
163:   0.5142  0.3736  0.1121  1
164:   0.0909  0.6578  0.2513  1
165:   0.1101  0.3832  0.5066  1
166:   0.3755  0.5185  0.1060  1
167:   0.0161  0.5773  0.4066  1
168:   0.5014  0.4986  0.0000  1
169:   0.4091  0.5909  0.0000  1
170:   0.3237  0.2757  0.4006  1
171:   0.4849  0.3679  0.1473  1
172:   0.0000  0.8775  0.1225  1
173:   1.0000  0.0000  0.0000  1
174:   0.6185  0.3815  0.0000  1
175:   0.2737  0.7263  0.0000  1
176:   0.6419  0.3581  0.0000  1
177:   0.3868  0.3774  0.2358  1
178:   0.2584  0.7416  0.0000  1
179:   0.4753  0.5247  0.0000  1
180:   0.0000  1.0000  0.0000  1
181:   0.6450  0.3015  0.0535  1
182:   0.9999  0.0001  0.0000  1
183:   0.1929  0.7222  0.0849  1
184:   0.0000  1.0000  0.0000  1
185:   0.0000  0.7610  0.2390  1
186:   0.7742  0.0000  0.2258  1
187:   0.6404  0.3596  0.0000  1
188:   0.3129  0.5041  0.1830  1
189:   0.5087  0.3278  0.1634  1
190:   0.5089  0.4911  0.0000  1
191:   0.8191  0.0000  0.1809  1
192:   0.0575  0.4917  0.4508  1
193:   0.1343  0.6914  0.1743  1
194:   0.4981  0.5019  0.0000  1
195:   0.3015  0.1260  0.5725  1
196:   0.5376  0.0000  0.4624  1
197:   0.0000  0.0000  1.0000  1
198:   0.0000  0.1526  0.8474  1
199:   0.0000  0.0000  1.0000  1
200:   0.3283  0.3440  0.3277  1
201:   0.0000  0.7651  0.2349  1
202:   0.0000  0.3177  0.6823  1
203:   0.0000  1.0000  0.0000  1
204:   0.0000  0.0000  1.0000  1
205:   0.3934  0.2642  0.3424  1
206:   0.7605  0.0000  0.2395  1
207:   0.0000  0.4599  0.5401  1
208:   0.0000  0.0000  1.0000  1
209:   0.0000  0.0000  1.0000  1
210:   0.0000  0.0000  1.0000  1
211:   0.2041  0.0000  0.7959  1
212:   0.2656  0.5761  0.1583  1
213:   1.0000  0.0000  0.0000  1
214:   0.5543  0.0000  0.4457  1
215:   0.3955  0.3889  0.2156  1
216:   0.0000  0.0000  1.0000  1
217:   0.0000  0.5954  0.4046  1
218:   1.0000  0.0000  0.0000  1
219:   0.4038  0.0000  0.5962  1
220:   0.0000  1.0000  0.0000  1
221:   0.0000  1.0000  0.0000  1
222:   0.0000  0.0000  1.0000  1
223:   0.0000  1.0000  0.0000  1
224:   0.8143  0.0558  0.1300  1
225:   0.0000  1.0000  0.0000  1
226:   0.3782  0.0000  0.6218  1
227:   0.1722  0.0000  0.8278  1
228:   0.3187  0.4869  0.1945  1
229:   0.5616  0.0000  0.4384  1
230:   1.0000  0.0000  0.0000  1
231:   0.0000  1.0000  0.0000  1
232:   0.0000  0.0000  1.0000  1
233:   0.4249  0.0000  0.5751  1
234:   0.4043  0.3854  0.2103  1
235:   0.3976  0.6024  0.0000  1
236:   0.0000  0.0000  1.0000  1
237:   1.0000  0.0000  0.0000  1
238:   0.0886  0.3333  0.5781  1
239:   0.2584  0.2885  0.4531  1
240:   0.5185  0.1536  0.3279  1
241:   0.0000  0.0000  1.0000  1
242:   0.0000  1.0000  0.0000  1
243:   0.2559  0.1731  0.5711  1
244:   0.2856  0.0000  0.7144  1
245:   0.0000  0.6279  0.3721  1
246:   0.7560  0.0000  0.2440  1
247:   0.0000  0.7150  0.2850  1
248:   0.2403  0.4271  0.3325  1
249:   0.0000  0.8097  0.1903  1
250:   0.2539  0.3753  0.3708  1
251:   1.0000  0.0000  0.0000  1
252:   0.0000  0.5430  0.4570  1
253:   0.5023  0.0253  0.4723  1
254:   1.0000  0.0000  0.0000  1
255:   1.0000  0.0000  0.0000  1
256:   0.0000  0.0000  1.0000  1
257:   0.6015  0.0000  0.3985  1
258:   0.6606  0.0000  0.3394  1
259:   0.0000  0.0000  1.0000  1
260:   0.0000  0.0000  1.0000  1
261:   0.3988  0.3169  0.2843  1
262:   0.0000  0.4811  0.5189  1

  1:   0.2211  0.2854  0.4935  1
  2:   0.0000  0.3365  0.6635  1
  3:   0.2201  0.7004  0.0795  1
  4:   0.2656  0.5599  0.1744  1
  5:   0.2973  0.7027  0.0000  1
  6:   1.0000  0.0000  0.0000  1
  7:   0.5418  0.4582  0.0000  1
  8:   0.0000  0.0000  1.0000  1
  9:   0.1150  0.2715  0.6135  1
 10:   0.0000  0.3953  0.6047  1
 11:   0.4839  0.1946  0.3215  1
 12:   0.0000  0.0000  1.0000  1
 13:   0.7648  0.1156  0.1196  1
 14:   0.0000  1.0000  0.0000  1
 15:   0.5439  0.2615  0.1947  1
 16:   0.0000  0.0000  1.0000  1
 17:   1.0000  0.0000  0.0000  1
 18:   0.3294  0.5634  0.1072  1
 19:   0.0000  0.4418  0.5582  1
 20:   0.0000  0.6913  0.3087  1
 21:   0.8296  0.0819  0.0885  1
 22:   0.2771  0.0000  0.7229  1
 23:   0.7284  0.2716  0.0000  1
 24:   0.3756  0.6244  0.0000  1
 25:   1.0000  0.0000  0.0000  1
 26:   0.4610  0.5390  0.0000  1
 27:   0.0000  1.0000  0.0000  1
 28:   0.0474  0.5031  0.4495  1
 29:   0.2859  0.4052  0.3089  1
 30:   1.0000  0.0000  0.0000  1
 31:   0.7104  0.1787  0.1110  1
 32:   0.2137  0.3805  0.4058  1
 33:   0.0000  1.0000  0.0000  1
 34:   0.8730  0.0000  0.1270  1
 35:   0.0000  1.0000  0.0000  1
 36:   0.4781  0.5219  0.0000  1
 37:   0.0000  0.0000  1.0000  1
 38:   1.0000  0.0000  0.0000  1
 39:   0.3354  0.6290  0.0356  1
 40:   0.0000  1.0000  0.0000  1
 41:   0.4048  0.4797  0.1154  1
 42:   0.0000  1.0000  0.0000  1
 43:   0.0000  1.0000  0.0000  1
 44:   0.0000  0.0000  1.0000  1
 45:   0.0000  1.0000  0.0000  1
 46:   0.0840  0.5531  0.3629  1
 47:   0.0000  0.8125  0.1875  1
 48:   0.2241  0.7759  0.0000  1
 49:   0.0000  1.0000  0.0000  1
 50:   0.0000  0.0000  1.0000  1
 51:   0.4357  0.5643  0.0000  1
 52:   0.6091  0.3909  0.0000  1
 53:   0.2277  0.4224  0.3499  1
 54:   0.5459  0.4541  0.0000  1
 55:   0.0000  0.0000  1.0000  1
 56:   0.0000  0.4346  0.5654  1
 57:   0.0000  1.0000  0.0000  1
 58:   0.2404  0.2816  0.4780  1
 59:   0.0701  0.7949  0.1350  1
 60:   0.1522  0.5199  0.3279  1
 61:   0.0000  0.0000  1.0000  1
 62:   0.7636  0.0000  0.2364  1
 63:   0.5462  0.1415  0.3124  1
 64:   0.0000  0.0000  1.0000  1
 65:   0.2108  0.6075  0.1817  1
 66:   0.3654  0.6346  0.0000  1
 67:   0.4529  0.2148  0.3323  1
 68:   0.0566  0.4163  0.5271  1
 69:   0.0000  1.0000  0.0000  1
 70:   0.0000  0.0000  1.0000  1
 71:   0.3222  0.3433  0.3345  1
 72:   0.0264  0.0000  0.9736  1
 73:   0.0000  0.4471  0.5529  1
 74:   0.2384  0.3667  0.3949  1
 75:   0.2745  0.4993  0.2262  1
 76:   1.0000  0.0000  0.0000  1
 77:   0.8780  0.0000  0.1220  1
 78:   0.1832  0.0000  0.8168  1
 79:   0.2265  0.0441  0.7294  1
 80:   0.0000  1.0000  0.0000  1
 81:   0.0549  0.1529  0.7921  1
 82:   0.0000  0.0000  1.0000  1
 83:   1.0000  0.0000  0.0000  1
 84:   0.3426  0.3248  0.3326  1
 85:   0.0000  1.0000  0.0000  1
 86:   1.0000  0.0000  0.0000  1
 87:   0.0000  0.0000  1.0000  1
 88:   0.0483  0.5465  0.4052  1
 89:   0.6579  0.0000  0.3421  1
 90:   0.4489  0.0000  0.5511  1
 91:   0.4580  0.0000  0.5420  1
 92:   0.0000  0.7902  0.2098  1
 93:   1.0000  0.0000  0.0000  1
 94:   1.0000  0.0000  0.0000  1
 95:   1.0000  0.0000  0.0000  1
 96:   0.4019  0.0000  0.5981  1
 97:   0.2827  0.2857  0.4316  1
 98:   0.0863  0.3661  0.5476  1
 99:   0.4485  0.0963  0.4552  1
100:   0.7935  0.2065  0.0000  1
101:   0.0586  0.5146  0.4268  1
102:   0.1922  0.3772  0.4306  1
103:   0.0000  0.7607  0.2393  1
104:   1.0000  0.0000  0.0000  1
105:   0.5071  0.4424  0.0505  1
106:   0.3049  0.3047  0.3904  1
107:   0.4914  0.5086  0.0000  1
108:   0.2549  0.3131  0.4320  1
109:   0.3337  0.6487  0.0176  1
110:   0.0000  1.0000  0.0000  1
111:   0.4675  0.5325  0.0000  1
112:   0.3318  0.2506  0.4176  1
113:   0.7115  0.2885  0.0000  1
114:   0.0000  0.6199  0.3801  1
115:   0.1306  0.2412  0.6282  1
116:   0.2851  0.2845  0.4304  1
117:   0.4787  0.5213  0.0000  1
118:   0.0000  1.0000  0.0000  1
119:   0.4250  0.3077  0.2672  1
120:   0.3015  0.2691  0.4294  1
121:   0.0000  0.4201  0.5799  1
122:   0.2496  0.3153  0.4351  1
123:   0.2518  0.3149  0.4333  1
124:   0.2709  0.4026  0.3266  1
125:   0.0000  1.0000  0.0000  1
126:   0.2851  0.2845  0.4304  1
127:   0.2416  0.4344  0.3240  1
128:   0.3225  0.2868  0.3907  1
129:   0.7931  0.2069  0.0000  1
130:   1.0000  0.0000  0.0000  1
131:   0.1587  0.8413  0.0000  1
132:   0.4321  0.0000  0.5679  1
133:   0.0000  0.0000  1.0000  1
134:   0.2646  0.3070  0.4284  1
135:   0.3041  0.4500  0.2459  1
136:   0.1292  0.5672  0.3035  1
137:   0.0000  1.0000  0.0000  1
138:   0.2926  0.2354  0.4720  1
139:   1.0000  0.0000  0.0000  1
140:   0.0000  1.0000  0.0000  1
141:   0.4237  0.2992  0.2771  1
142:   0.6367  0.1028  0.2606  1
143:   1.0000  0.0000  0.0000  1
144:   0.5403  0.0000  0.4597  1
145:   0.0000  0.3361  0.6639  1
146:   0.7286  0.2714  0.0000  1
147:   0.6887  0.0000  0.3113  1
148:   0.5433  0.2643  0.1924  1
149:   0.2627  0.0000  0.7373  1
150:   0.0000  0.0000  1.0000  1
151:   0.1849  0.3402  0.4749  1
152:   0.2920  0.3905  0.3174  1
153:   0.0000  0.2783  0.7217  1
154:   0.4406  0.4176  0.1417  1
155:   0.2192  0.3755  0.4053  1
156:   0.3733  0.3280  0.2987  1
157:   0.0000  1.0000  0.0000  1
158:   0.0000  0.5137  0.4863  1
159:   0.5913  0.0002  0.4085  1
160:   0.0768  0.2340  0.6893  1
161:   0.0000  0.4112  0.5888  1
162:   0.5399  0.4601  0.0000  1
163:   0.5142  0.3736  0.1121  1
164:   0.0909  0.6578  0.2513  1
165:   0.1101  0.3832  0.5066  1
166:   0.3755  0.5185  0.1060  1
167:   0.0161  0.5773  0.4066  1
168:   0.5014  0.4986  0.0000  1
169:   0.4091  0.5909  0.0000  1
170:   0.3237  0.2757  0.4006  1
171:   0.4849  0.3679  0.1473  1
172:   0.0000  0.8775  0.1225  1
173:   1.0000  0.0000  0.0000  1
174:   0.6185  0.3815  0.0000  1
175:   0.2737  0.7263  0.0000  1
176:   0.6419  0.3581  0.0000  1
177:   0.3868  0.3774  0.2358  1
178:   0.2584  0.7416  0.0000  1
179:   0.4753  0.5247  0.0000  1
180:   0.0000  1.0000  0.0000  1
181:   0.6450  0.3015  0.0535  1
182:   0.9999  0.0001  0.0000  1
183:   0.1929  0.7222  0.0849  1
184:   0.0000  1.0000  0.0000  1
185:   0.0000  0.7610  0.2390  1
186:   0.7742  0.0000  0.2258  1
187:   0.6404  0.3596  0.0000  1
188:   0.3129  0.5041  0.1830  1
189:   0.5087  0.3278  0.1634  1
190:   0.5089  0.4911  0.0000  1
191:   0.8191  0.0000  0.1809  1
192:   0.0575  0.4917  0.4508  1
193:   0.1343  0.6914  0.1743  1
194:   0.4981  0.5019  0.0000  1
195:   0.3015  0.1260  0.5725  1
196:   0.5376  0.0000  0.4624  1
197:   0.0000  0.0000  1.0000  1
198:   0.0000  0.1526  0.8474  1
199:   0.0000  0.0000  1.0000  1
200:   0.3283  0.3440  0.3277  1
201:   0.0000  0.7651  0.2349  1
202:   0.0000  0.3177  0.6823  1
203:   0.0000  1.0000  0.0000  1
204:   0.0000  0.0000  1.0000  1
205:   0.3934  0.2642  0.3424  1
206:   0.7605  0.0000  0.2395  1
207:   0.0000  0.4599  0.5401  1
208:   0.0000  0.0000  1.0000  1
209:   0.0000  0.0000  1.0000  1
210:   0.0000  0.0000  1.0000  1
211:   0.2041  0.0000  0.7959  1
212:   0.2656  0.5761  0.1583  1
213:   1.0000  0.0000  0.0000  1
214:   0.5543  0.0000  0.4457  1
215:   0.3955  0.3889  0.2156  1
216:   0.0000  0.0000  1.0000  1
217:   0.0000  0.5954  0.4046  1
218:   1.0000  0.0000  0.0000  1
219:   0.4038  0.0000  0.5962  1
220:   0.0000  1.0000  0.0000  1
221:   0.0000  1.0000  0.0000  1
222:   0.0000  0.0000  1.0000  1
223:   0.0000  1.0000  0.0000  1
224:   0.8143  0.0558  0.1300  1
225:   0.0000  1.0000  0.0000  1
226:   0.3782  0.0000  0.6218  1
227:   0.1722  0.0000  0.8278  1
228:   0.3187  0.4869  0.1945  1
229:   0.5616  0.0000  0.4384  1
230:   1.0000  0.0000  0.0000  1
231:   0.0000  1.0000  0.0000  1
232:   0.0000  0.0000  1.0000  1
233:   0.4249  0.0000  0.5751  1
234:   0.4043  0.3854  0.2103  1
235:   0.3976  0.6024  0.0000  1
236:   0.0000  0.0000  1.0000  1
237:   1.0000  0.0000  0.0000  1
238:   0.0886  0.3333  0.5781  1
239:   0.2584  0.2885  0.4531  1
240:   0.5185  0.1536  0.3279  1
241:   0.0000  0.0000  1.0000  1
242:   0.0000  1.0000  0.0000  1
243:   0.2559  0.1731  0.5711  1
244:   0.2856  0.0000  0.7144  1
245:   0.0000  0.6279  0.3721  1
246:   0.7560  0.0000  0.2440  1
247:   0.0000  0.7150  0.2850  1
248:   0.2403  0.4271  0.3325  1
249:   0.0000  0.8097  0.1903  1
250:   0.2539  0.3753  0.3708  1
251:   1.0000  0.0000  0.0000  1
252:   0.0000  0.5430  0.4570  1
253:   0.5023  0.0253  0.4723  1
254:   1.0000  0.0000  0.0000  1
255:   1.0000  0.0000  0.0000  1
256:   0.0000  0.0000  1.0000  1
257:   0.6015  0.0000  0.3985  1
258:   0.6606  0.0000  0.3394  1
259:   0.0000  0.0000  1.0000  1
260:   0.0000  0.0000  1.0000  1
261:   0.3988  0.3169  0.2843  1
262:   0.0000  0.4811  0.5189  1

  1:   0.2211  0.2854  0.4935  1
  2:   0.0000  0.3365  0.6635  1
  3:   0.2201  0.7004  0.0795  1
  4:   0.2656  0.5599  0.1744  1
  5:   0.2973  0.7027  0.0000  1
  6:   1.0000  0.0000  0.0000  1
  7:   0.5418  0.4582  0.0000  1
  8:   0.0000  0.0000  1.0000  1
  9:   0.1150  0.2715  0.6135  1
 10:   0.0000  0.3953  0.6047  1
 11:   0.4839  0.1946  0.3215  1
 12:   0.0000  0.0000  1.0000  1
 13:   0.7648  0.1156  0.1196  1
 14:   0.0000  1.0000  0.0000  1
 15:   0.5439  0.2615  0.1947  1
 16:   0.0000  0.0000  1.0000  1
 17:   1.0000  0.0000  0.0000  1
 18:   0.3294  0.5634  0.1072  1
 19:   0.0000  0.4418  0.5582  1
 20:   0.0000  0.6913  0.3087  1
 21:   0.8296  0.0819  0.0885  1
 22:   0.2771  0.0000  0.7229  1
 23:   0.7284  0.2716  0.0000  1
 24:   0.3756  0.6244  0.0000  1
 25:   1.0000  0.0000  0.0000  1
 26:   0.4610  0.5390  0.0000  1
 27:   0.0000  1.0000  0.0000  1
 28:   0.0474  0.5031  0.4495  1
 29:   0.2859  0.4052  0.3089  1
 30:   1.0000  0.0000  0.0000  1
 31:   0.7104  0.1787  0.1110  1
 32:   0.2137  0.3805  0.4058  1
 33:   0.0000  1.0000  0.0000  1
 34:   0.8730  0.0000  0.1270  1
 35:   0.0000  1.0000  0.0000  1
 36:   0.4781  0.5219  0.0000  1
 37:   0.0000  0.0000  1.0000  1
 38:   1.0000  0.0000  0.0000  1
 39:   0.3354  0.6290  0.0356  1
 40:   0.0000  1.0000  0.0000  1
 41:   0.4048  0.4797  0.1154  1
 42:   0.0000  1.0000  0.0000  1
 43:   0.0000  1.0000  0.0000  1
 44:   0.0000  0.0000  1.0000  1
 45:   0.0000  1.0000  0.0000  1
 46:   0.0840  0.5531  0.3629  1
 47:   0.0000  0.8125  0.1875  1
 48:   0.2241  0.7759  0.0000  1
 49:   0.0000  1.0000  0.0000  1
 50:   0.0000  0.0000  1.0000  1
 51:   0.4357  0.5643  0.0000  1
 52:   0.6091  0.3909  0.0000  1
 53:   0.2277  0.4224  0.3499  1
 54:   0.5459  0.4541  0.0000  1
 55:   0.0000  0.0000  1.0000  1
 56:   0.0000  0.4346  0.5654  1
 57:   0.0000  1.0000  0.0000  1
 58:   0.2404  0.2816  0.4780  1
 59:   0.0701  0.7949  0.1350  1
 60:   0.1522  0.5199  0.3279  1
 61:   0.0000  0.0000  1.0000  1
 62:   0.7636  0.0000  0.2364  1
 63:   0.5462  0.1415  0.3124  1
 64:   0.0000  0.0000  1.0000  1
 65:   0.2108  0.6075  0.1817  1
 66:   0.3654  0.6346  0.0000  1
 67:   0.4529  0.2148  0.3323  1
 68:   0.0566  0.4163  0.5271  1
 69:   0.0000  1.0000  0.0000  1
 70:   0.0000  0.0000  1.0000  1
 71:   0.3222  0.3433  0.3345  1
 72:   0.0264  0.0000  0.9736  1
 73:   0.0000  0.4471  0.5529  1
 74:   0.2384  0.3667  0.3949  1
 75:   0.2745  0.4993  0.2262  1
 76:   1.0000  0.0000  0.0000  1
 77:   0.8780  0.0000  0.1220  1
 78:   0.1832  0.0000  0.8168  1
 79:   0.2265  0.0441  0.7294  1
 80:   0.0000  1.0000  0.0000  1
 81:   0.0549  0.1529  0.7921  1
 82:   0.0000  0.0000  1.0000  1
 83:   1.0000  0.0000  0.0000  1
 84:   0.3426  0.3248  0.3326  1
 85:   0.0000  1.0000  0.0000  1
 86:   1.0000  0.0000  0.0000  1
 87:   0.0000  0.0000  1.0000  1
 88:   0.0483  0.5465  0.4052  1
 89:   0.6579  0.0000  0.3421  1
 90:   0.4489  0.0000  0.5511  1
 91:   0.4580  0.0000  0.5420  1
 92:   0.0000  0.7902  0.2098  1
 93:   1.0000  0.0000  0.0000  1
 94:   1.0000  0.0000  0.0000  1
 95:   1.0000  0.0000  0.0000  1
 96:   0.4019  0.0000  0.5981  1
 97:   0.2827  0.2857  0.4316  1
 98:   0.0863  0.3661  0.5476  1
 99:   0.4485  0.0963  0.4552  1
100:   0.7935  0.2065  0.0000  1
101:   0.0586  0.5146  0.4268  1
102:   0.1922  0.3772  0.4306  1
103:   0.0000  0.7607  0.2393  1
104:   1.0000  0.0000  0.0000  1
105:   0.5071  0.4424  0.0505  1
106:   0.3049  0.3047  0.3904  1
107:   0.4914  0.5086  0.0000  1
108:   0.2549  0.3131  0.4320  1
109:   0.3337  0.6487  0.0176  1
110:   0.0000  1.0000  0.0000  1
111:   0.4675  0.5325  0.0000  1
112:   0.3318  0.2506  0.4176  1
113:   0.7115  0.2885  0.0000  1
114:   0.0000  0.6199  0.3801  1
115:   0.1306  0.2412  0.6282  1
116:   0.2851  0.2845  0.4304  1
117:   0.4787  0.5213  0.0000  1
118:   0.0000  1.0000  0.0000  1
119:   0.4250  0.3077  0.2672  1
120:   0.3015  0.2691  0.4294  1
121:   0.0000  0.4201  0.5799  1
122:   0.2496  0.3153  0.4351  1
123:   0.2518  0.3149  0.4333  1
124:   0.2709  0.4026  0.3266  1
125:   0.0000  1.0000  0.0000  1
126:   0.2851  0.2845  0.4304  1
127:   0.2416  0.4344  0.3240  1
128:   0.3225  0.2868  0.3907  1
129:   0.7931  0.2069  0.0000  1
130:   1.0000  0.0000  0.0000  1
131:   0.1587  0.8413  0.0000  1
132:   0.4321  0.0000  0.5679  1
133:   0.0000  0.0000  1.0000  1
134:   0.2646  0.3070  0.4284  1
135:   0.3041  0.4500  0.2459  1
136:   0.1292  0.5672  0.3035  1
137:   0.0000  1.0000  0.0000  1
138:   0.2926  0.2354  0.4720  1
139:   1.0000  0.0000  0.0000  1
140:   0.0000  1.0000  0.0000  1
141:   0.4237  0.2992  0.2771  1
142:   0.6367  0.1028  0.2606  1
143:   1.0000  0.0000  0.0000  1
144:   0.5403  0.0000  0.4597  1
145:   0.0000  0.3361  0.6639  1
146:   0.7286  0.2714  0.0000  1
147:   0.6887  0.0000  0.3113  1
148:   0.5433  0.2643  0.1924  1
149:   0.2627  0.0000  0.7373  1
150:   0.0000  0.0000  1.0000  1
151:   0.1849  0.3402  0.4749  1
152:   0.2920  0.3905  0.3174  1
153:   0.0000  0.2783  0.7217  1
154:   0.4406  0.4176  0.1417  1
155:   0.2192  0.3755  0.4053  1
156:   0.3733  0.3280  0.2987  1
157:   0.0000  1.0000  0.0000  1
158:   0.0000  0.5137  0.4863  1
159:   0.5913  0.0002  0.4085  1
160:   0.0768  0.2340  0.6893  1
161:   0.0000  0.4112  0.5888  1
162:   0.5399  0.4601  0.0000  1
163:   0.5142  0.3736  0.1121  1
164:   0.0909  0.6578  0.2513  1
165:   0.1101  0.3832  0.5066  1
166:   0.3755  0.5185  0.1060  1
167:   0.0161  0.5773  0.4066  1
168:   0.5014  0.4986  0.0000  1
169:   0.4091  0.5909  0.0000  1
170:   0.3237  0.2757  0.4006  1
171:   0.4849  0.3679  0.1473  1
172:   0.0000  0.8775  0.1225  1
173:   1.0000  0.0000  0.0000  1
174:   0.6185  0.3815  0.0000  1
175:   0.2737  0.7263  0.0000  1
176:   0.6419  0.3581  0.0000  1
177:   0.3868  0.3774  0.2358  1
178:   0.2584  0.7416  0.0000  1
179:   0.4753  0.5247  0.0000  1
180:   0.0000  1.0000  0.0000  1
181:   0.6450  0.3015  0.0535  1
182:   0.9999  0.0001  0.0000  1
183:   0.1929  0.7222  0.0849  1
184:   0.0000  1.0000  0.0000  1
185:   0.0000  0.7610  0.2390  1
186:   0.7742  0.0000  0.2258  1
187:   0.6404  0.3596  0.0000  1
188:   0.3129  0.5041  0.1830  1
189:   0.5087  0.3278  0.1634  1
190:   0.5089  0.4911  0.0000  1
191:   0.8191  0.0000  0.1809  1
192:   0.0575  0.4917  0.4508  1
193:   0.1343  0.6914  0.1743  1
194:   0.4981  0.5019  0.0000  1
195:   0.3015  0.1260  0.5725  1
196:   0.5376  0.0000  0.4624  1
197:   0.0000  0.0000  1.0000  1
198:   0.0000  0.1526  0.8474  1
199:   0.0000  0.0000  1.0000  1
200:   0.3283  0.3440  0.3277  1
201:   0.0000  0.7651  0.2349  1
202:   0.0000  0.3177  0.6823  1
203:   0.0000  1.0000  0.0000  1
204:   0.0000  0.0000  1.0000  1
205:   0.3934  0.2642  0.3424  1
206:   0.7605  0.0000  0.2395  1
207:   0.0000  0.4599  0.5401  1
208:   0.0000  0.0000  1.0000  1
209:   0.0000  0.0000  1.0000  1
210:   0.0000  0.0000  1.0000  1
211:   0.2041  0.0000  0.7959  1
212:   0.2656  0.5761  0.1583  1
213:   1.0000  0.0000  0.0000  1
214:   0.5543  0.0000  0.4457  1
215:   0.3955  0.3889  0.2156  1
216:   0.0000  0.0000  1.0000  1
217:   0.0000  0.5954  0.4046  1
218:   1.0000  0.0000  0.0000  1
219:   0.4038  0.0000  0.5962  1
220:   0.0000  1.0000  0.0000  1
221:   0.0000  1.0000  0.0000  1
222:   0.0000  0.0000  1.0000  1
223:   0.0000  1.0000  0.0000  1
224:   0.8143  0.0558  0.1300  1
225:   0.0000  1.0000  0.0000  1
226:   0.3782  0.0000  0.6218  1
227:   0.1722  0.0000  0.8278  1
228:   0.3187  0.4869  0.1945  1
229:   0.5616  0.0000  0.4384  1
230:   1.0000  0.0000  0.0000  1
231:   0.0000  1.0000  0.0000  1
232:   0.0000  0.0000  1.0000  1
233:   0.4249  0.0000  0.5751  1
234:   0.4043  0.3854  0.2103  1
235:   0.3976  0.6024  0.0000  1
236:   0.0000  0.0000  1.0000  1
237:   1.0000  0.0000  0.0000  1
238:   0.0886  0.3333  0.5781  1
239:   0.2584  0.2885  0.4531  1
240:   0.5185  0.1536  0.3279  1
241:   0.0000  0.0000  1.0000  1
242:   0.0000  1.0000  0.0000  1
243:   0.2559  0.1731  0.5711  1
244:   0.2856  0.0000  0.7144  1
245:   0.0000  0.6279  0.3721  1
246:   0.7560  0.0000  0.2440  1
247:   0.0000  0.7150  0.2850  1
248:   0.2403  0.4271  0.3325  1
249:   0.0000  0.8097  0.1903  1
250:   0.2539  0.3753  0.3708  1
251:   1.0000  0.0000  0.0000  1
252:   0.0000  0.5430  0.4570  1
253:   0.5023  0.0253  0.4723  1
254:   1.0000  0.0000  0.0000  1
255:   1.0000  0.0000  0.0000  1
256:   0.0000  0.0000  1.0000  1
257:   0.6015  0.0000  0.3985  1
258:   0.6606  0.0000  0.3394  1
259:   0.0000  0.0000  1.0000  1
260:   0.0000  0.0000  1.0000  1
261:   0.3988  0.3169  0.2843  1
262:   0.0000  0.4811  0.5189  1

  1:   0.2211  0.2854  0.4935  1
  2:   0.0000  0.3365  0.6635  1
  3:   0.2201  0.7004  0.0795  1
  4:   0.2656  0.5599  0.1744  1
  5:   0.2973  0.7027  0.0000  1
  6:   1.0000  0.0000  0.0000  1
  7:   0.5418  0.4582  0.0000  1
  8:   0.0000  0.0000  1.0000  1
  9:   0.1150  0.2715  0.6135  1
 10:   0.0000  0.3953  0.6047  1
 11:   0.4839  0.1946  0.3215  1
 12:   0.0000  0.0000  1.0000  1
 13:   0.7648  0.1156  0.1196  1
 14:   0.0000  1.0000  0.0000  1
 15:   0.5439  0.2615  0.1947  1
 16:   0.0000  0.0000  1.0000  1
 17:   1.0000  0.0000  0.0000  1
 18:   0.3294  0.5634  0.1072  1
 19:   0.0000  0.4418  0.5582  1
 20:   0.0000  0.6913  0.3087  1
 21:   0.8296  0.0819  0.0885  1
 22:   0.2771  0.0000  0.7229  1
 23:   0.7284  0.2716  0.0000  1
 24:   0.3756  0.6244  0.0000  1
 25:   1.0000  0.0000  0.0000  1
 26:   0.4610  0.5390  0.0000  1
 27:   0.0000  1.0000  0.0000  1
 28:   0.0474  0.5031  0.4495  1
 29:   0.2859  0.4052  0.3089  1
 30:   1.0000  0.0000  0.0000  1
 31:   0.7104  0.1787  0.1110  1
 32:   0.2137  0.3805  0.4058  1
 33:   0.0000  1.0000  0.0000  1
 34:   0.8730  0.0000  0.1270  1
 35:   0.0000  1.0000  0.0000  1
 36:   0.4781  0.5219  0.0000  1
 37:   0.0000  0.0000  1.0000  1
 38:   1.0000  0.0000  0.0000  1
 39:   0.3354  0.6290  0.0356  1
 40:   0.0000  1.0000  0.0000  1
 41:   0.4048  0.4797  0.1154  1
 42:   0.0000  1.0000  0.0000  1
 43:   0.0000  1.0000  0.0000  1
 44:   0.0000  0.0000  1.0000  1
 45:   0.0000  1.0000  0.0000  1
 46:   0.0840  0.5531  0.3629  1
 47:   0.0000  0.8125  0.1875  1
 48:   0.2241  0.7759  0.0000  1
 49:   0.0000  1.0000  0.0000  1
 50:   0.0000  0.0000  1.0000  1
 51:   0.4357  0.5643  0.0000  1
 52:   0.6091  0.3909  0.0000  1
 53:   0.2277  0.4224  0.3499  1
 54:   0.5459  0.4541  0.0000  1
 55:   0.0000  0.0000  1.0000  1
 56:   0.0000  0.4346  0.5654  1
 57:   0.0000  1.0000  0.0000  1
 58:   0.2404  0.2816  0.4780  1
 59:   0.0701  0.7949  0.1350  1
 60:   0.1522  0.5199  0.3279  1
 61:   0.0000  0.0000  1.0000  1
 62:   0.7636  0.0000  0.2364  1
 63:   0.5462  0.1415  0.3124  1
 64:   0.0000  0.0000  1.0000  1
 65:   0.2108  0.6075  0.1817  1
 66:   0.3654  0.6346  0.0000  1
 67:   0.4529  0.2148  0.3323  1
 68:   0.0566  0.4163  0.5271  1
 69:   0.0000  1.0000  0.0000  1
 70:   0.0000  0.0000  1.0000  1
 71:   0.3222  0.3433  0.3345  1
 72:   0.0264  0.0000  0.9736  1
 73:   0.0000  0.4471  0.5529  1
 74:   0.2384  0.3667  0.3949  1
 75:   0.2745  0.4993  0.2262  1
 76:   1.0000  0.0000  0.0000  1
 77:   0.8780  0.0000  0.1220  1
 78:   0.1832  0.0000  0.8168  1
 79:   0.2265  0.0441  0.7294  1
 80:   0.0000  1.0000  0.0000  1
 81:   0.0549  0.1529  0.7921  1
 82:   0.0000  0.0000  1.0000  1
 83:   1.0000  0.0000  0.0000  1
 84:   0.3426  0.3248  0.3326  1
 85:   0.0000  1.0000  0.0000  1
 86:   1.0000  0.0000  0.0000  1
 87:   0.0000  0.0000  1.0000  1
 88:   0.0483  0.5465  0.4052  1
 89:   0.6579  0.0000  0.3421  1
 90:   0.4489  0.0000  0.5511  1
 91:   0.4580  0.0000  0.5420  1
 92:   0.0000  0.7902  0.2098  1
 93:   1.0000  0.0000  0.0000  1
 94:   1.0000  0.0000  0.0000  1
 95:   1.0000  0.0000  0.0000  1
 96:   0.4019  0.0000  0.5981  1
 97:   0.2827  0.2857  0.4316  1
 98:   0.0863  0.3661  0.5476  1
 99:   0.4485  0.0963  0.4552  1
100:   0.7935  0.2065  0.0000  1
101:   0.0586  0.5146  0.4268  1
102:   0.1922  0.3772  0.4306  1
103:   0.0000  0.7607  0.2393  1
104:   1.0000  0.0000  0.0000  1
105:   0.5071  0.4424  0.0505  1
106:   0.3049  0.3047  0.3904  1
107:   0.4914  0.5086  0.0000  1
108:   0.2549  0.3131  0.4320  1
109:   0.3337  0.6487  0.0176  1
110:   0.0000  1.0000  0.0000  1
111:   0.4675  0.5325  0.0000  1
112:   0.3318  0.2506  0.4176  1
113:   0.7115  0.2885  0.0000  1
114:   0.0000  0.6199  0.3801  1
115:   0.1306  0.2412  0.6282  1
116:   0.2851  0.2845  0.4304  1
117:   0.4787  0.5213  0.0000  1
118:   0.0000  1.0000  0.0000  1
119:   0.4250  0.3077  0.2672  1
120:   0.3015  0.2691  0.4294  1
121:   0.0000  0.4201  0.5799  1
122:   0.2496  0.3153  0.4351  1
123:   0.2518  0.3149  0.4333  1
124:   0.2709  0.4026  0.3266  1
125:   0.0000  1.0000  0.0000  1
126:   0.2851  0.2845  0.4304  1
127:   0.2416  0.4344  0.3240  1
128:   0.3225  0.2868  0.3907  1
129:   0.7931  0.2069  0.0000  1
130:   1.0000  0.0000  0.0000  1
131:   0.1587  0.8413  0.0000  1
132:   0.4321  0.0000  0.5679  1
133:   0.0000  0.0000  1.0000  1
134:   0.2646  0.3070  0.4284  1
135:   0.3041  0.4500  0.2459  1
136:   0.1292  0.5672  0.3035  1
137:   0.0000  1.0000  0.0000  1
138:   0.2926  0.2354  0.4720  1
139:   1.0000  0.0000  0.0000  1
140:   0.0000  1.0000  0.0000  1
141:   0.4237  0.2992  0.2771  1
142:   0.6367  0.1028  0.2606  1
143:   1.0000  0.0000  0.0000  1
144:   0.5403  0.0000  0.4597  1
145:   0.0000  0.3361  0.6639  1
146:   0.7286  0.2714  0.0000  1
147:   0.6887  0.0000  0.3113  1
148:   0.5433  0.2643  0.1924  1
149:   0.2627  0.0000  0.7373  1
150:   0.0000  0.0000  1.0000  1
151:   0.1849  0.3402  0.4749  1
152:   0.2920  0.3905  0.3174  1
153:   0.0000  0.2783  0.7217  1
154:   0.4406  0.4176  0.1417  1
155:   0.2192  0.3755  0.4053  1
156:   0.3733  0.3280  0.2987  1
157:   0.0000  1.0000  0.0000  1
158:   0.0000  0.5137  0.4863  1
159:   0.5913  0.0002  0.4085  1
160:   0.0768  0.2340  0.6893  1
161:   0.0000  0.4112  0.5888  1
162:   0.5399  0.4601  0.0000  1
163:   0.5142  0.3736  0.1121  1
164:   0.0909  0.6578  0.2513  1
165:   0.1101  0.3832  0.5066  1
166:   0.3755  0.5185  0.1060  1
167:   0.0161  0.5773  0.4066  1
168:   0.5014  0.4986  0.0000  1
169:   0.4091  0.5909  0.0000  1
170:   0.3237  0.2757  0.4006  1
171:   0.4849  0.3679  0.1473  1
172:   0.0000  0.8775  0.1225  1
173:   1.0000  0.0000  0.0000  1
174:   0.6185  0.3815  0.0000  1
175:   0.2737  0.7263  0.0000  1
176:   0.6419  0.3581  0.0000  1
177:   0.3868  0.3774  0.2358  1
178:   0.2584  0.7416  0.0000  1
179:   0.4753  0.5247  0.0000  1
180:   0.0000  1.0000  0.0000  1
181:   0.6450  0.3015  0.0535  1
182:   0.9999  0.0001  0.0000  1
183:   0.1929  0.7222  0.0849  1
184:   0.0000  1.0000  0.0000  1
185:   0.0000  0.7610  0.2390  1
186:   0.7742  0.0000  0.2258  1
187:   0.6404  0.3596  0.0000  1
188:   0.3129  0.5041  0.1830  1
189:   0.5087  0.3278  0.1634  1
190:   0.5089  0.4911  0.0000  1
191:   0.8191  0.0000  0.1809  1
192:   0.0575  0.4917  0.4508  1
193:   0.1343  0.6914  0.1743  1
194:   0.4981  0.5019  0.0000  1
195:   0.3015  0.1260  0.5725  1
196:   0.5376  0.0000  0.4624  1
197:   0.0000  0.0000  1.0000  1
198:   0.0000  0.1526  0.8474  1
199:   0.0000  0.0000  1.0000  1
200:   0.3283  0.3440  0.3277  1
201:   0.0000  0.7651  0.2349  1
202:   0.0000  0.3177  0.6823  1
203:   0.0000  1.0000  0.0000  1
204:   0.0000  0.0000  1.0000  1
205:   0.3934  0.2642  0.3424  1
206:   0.7605  0.0000  0.2395  1
207:   0.0000  0.4599  0.5401  1
208:   0.0000  0.0000  1.0000  1
209:   0.0000  0.0000  1.0000  1
210:   0.0000  0.0000  1.0000  1
211:   0.2041  0.0000  0.7959  1
212:   0.2656  0.5761  0.1583  1
213:   1.0000  0.0000  0.0000  1
214:   0.5543  0.0000  0.4457  1
215:   0.3955  0.3889  0.2156  1
216:   0.0000  0.0000  1.0000  1
217:   0.0000  0.5954  0.4046  1
218:   1.0000  0.0000  0.0000  1
219:   0.4038  0.0000  0.5962  1
220:   0.0000  1.0000  0.0000  1
221:   0.0000  1.0000  0.0000  1
222:   0.0000  0.0000  1.0000  1
223:   0.0000  1.0000  0.0000  1
224:   0.8143  0.0558  0.1300  1
225:   0.0000  1.0000  0.0000  1
226:   0.3782  0.0000  0.6218  1
227:   0.1722  0.0000  0.8278  1
228:   0.3187  0.4869  0.1945  1
229:   0.5616  0.0000  0.4384  1
230:   1.0000  0.0000  0.0000  1
231:   0.0000  1.0000  0.0000  1
232:   0.0000  0.0000  1.0000  1
233:   0.4249  0.0000  0.5751  1
234:   0.4043  0.3854  0.2103  1
235:   0.3976  0.6024  0.0000  1
236:   0.0000  0.0000  1.0000  1
237:   1.0000  0.0000  0.0000  1
238:   0.0886  0.3333  0.5781  1
239:   0.2584  0.2885  0.4531  1
240:   0.5185  0.1536  0.3279  1
241:   0.0000  0.0000  1.0000  1
242:   0.0000  1.0000  0.0000  1
243:   0.2559  0.1731  0.5711  1
244:   0.2856  0.0000  0.7144  1
245:   0.0000  0.6279  0.3721  1
246:   0.7560  0.0000  0.2440  1
247:   0.0000  0.7150  0.2850  1
248:   0.2403  0.4271  0.3325  1
249:   0.0000  0.8097  0.1903  1
250:   0.2539  0.3753  0.3708  1
251:   1.0000  0.0000  0.0000  1
252:   0.0000  0.5430  0.4570  1
253:   0.5023  0.0253  0.4723  1
254:   1.0000  0.0000  0.0000  1
255:   1.0000  0.0000  0.0000  1
256:   0.0000  0.0000  1.0000  1
257:   0.6015  0.0000  0.3985  1
258:   0.6606  0.0000  0.3394  1
259:   0.0000  0.0000  1.0000  1
260:   0.0000  0.0000  1.0000  1
261:   0.3988  0.3169  0.2843  1
262:   0.0000  0.4811  0.5189  1

  1:   0.2211  0.2854  0.4935  1
  2:   0.0000  0.3365  0.6635  1
  3:   0.2201  0.7004  0.0795  1
  4:   0.2656  0.5599  0.1744  1
  5:   0.2973  0.7027  0.0000  1
  6:   1.0000  0.0000  0.0000  1
  7:   0.5418  0.4582  0.0000  1
  8:   0.0000  0.0000  1.0000  1
  9:   0.1150  0.2715  0.6135  1
 10:   0.0000  0.3953  0.6047  1
 11:   0.4839  0.1946  0.3215  1
 12:   0.0000  0.0000  1.0000  1
 13:   0.7648  0.1156  0.1196  1
 14:   0.0000  1.0000  0.0000  1
 15:   0.5439  0.2615  0.1947  1
 16:   0.0000  0.0000  1.0000  1
 17:   1.0000  0.0000  0.0000  1
 18:   0.3294  0.5634  0.1072  1
 19:   0.0000  0.4418  0.5582  1
 20:   0.0000  0.6913  0.3087  1
 21:   0.8296  0.0819  0.0885  1
 22:   0.2771  0.0000  0.7229  1
 23:   0.7284  0.2716  0.0000  1
 24:   0.3756  0.6244  0.0000  1
 25:   1.0000  0.0000  0.0000  1
 26:   0.4610  0.5390  0.0000  1
 27:   0.0000  1.0000  0.0000  1
 28:   0.0474  0.5031  0.4495  1
 29:   0.2859  0.4052  0.3089  1
 30:   1.0000  0.0000  0.0000  1
 31:   0.7104  0.1787  0.1110  1
 32:   0.2137  0.3805  0.4058  1
 33:   0.0000  1.0000  0.0000  1
 34:   0.8730  0.0000  0.1270  1
 35:   0.0000  1.0000  0.0000  1
 36:   0.4781  0.5219  0.0000  1
 37:   0.0000  0.0000  1.0000  1
 38:   1.0000  0.0000  0.0000  1
 39:   0.3354  0.6290  0.0356  1
 40:   0.0000  1.0000  0.0000  1
 41:   0.4048  0.4797  0.1154  1
 42:   0.0000  1.0000  0.0000  1
 43:   0.0000  1.0000  0.0000  1
 44:   0.0000  0.0000  1.0000  1
 45:   0.0000  1.0000  0.0000  1
 46:   0.0840  0.5531  0.3629  1
 47:   0.0000  0.8125  0.1875  1
 48:   0.2241  0.7759  0.0000  1
 49:   0.0000  1.0000  0.0000  1
 50:   0.0000  0.0000  1.0000  1
 51:   0.4357  0.5643  0.0000  1
 52:   0.6091  0.3909  0.0000  1
 53:   0.2277  0.4224  0.3499  1
 54:   0.5459  0.4541  0.0000  1
 55:   0.0000  0.0000  1.0000  1
 56:   0.0000  0.4346  0.5654  1
 57:   0.0000  1.0000  0.0000  1
 58:   0.2404  0.2816  0.4780  1
 59:   0.0701  0.7949  0.1350  1
 60:   0.1522  0.5199  0.3279  1
 61:   0.0000  0.0000  1.0000  1
 62:   0.7636  0.0000  0.2364  1
 63:   0.5462  0.1415  0.3124  1
 64:   0.0000  0.0000  1.0000  1
 65:   0.2108  0.6075  0.1817  1
 66:   0.3654  0.6346  0.0000  1
 67:   0.4529  0.2148  0.3323  1
 68:   0.0566  0.4163  0.5271  1
 69:   0.0000  1.0000  0.0000  1
 70:   0.0000  0.0000  1.0000  1
 71:   0.3222  0.3433  0.3345  1
 72:   0.0264  0.0000  0.9736  1
 73:   0.0000  0.4471  0.5529  1
 74:   0.2384  0.3667  0.3949  1
 75:   0.2745  0.4993  0.2262  1
 76:   1.0000  0.0000  0.0000  1
 77:   0.8780  0.0000  0.1220  1
 78:   0.1832  0.0000  0.8168  1
 79:   0.2265  0.0441  0.7294  1
 80:   0.0000  1.0000  0.0000  1
 81:   0.0549  0.1529  0.7921  1
 82:   0.0000  0.0000  1.0000  1
 83:   1.0000  0.0000  0.0000  1
 84:   0.3426  0.3248  0.3326  1
 85:   0.0000  1.0000  0.0000  1
 86:   1.0000  0.0000  0.0000  1
 87:   0.0000  0.0000  1.0000  1
 88:   0.0483  0.5465  0.4052  1
 89:   0.6579  0.0000  0.3421  1
 90:   0.4489  0.0000  0.5511  1
 91:   0.4580  0.0000  0.5420  1
 92:   0.0000  0.7902  0.2098  1
 93:   1.0000  0.0000  0.0000  1
 94:   1.0000  0.0000  0.0000  1
 95:   1.0000  0.0000  0.0000  1
 96:   0.4019  0.0000  0.5981  1
 97:   0.2827  0.2857  0.4316  1
 98:   0.0863  0.3661  0.5476  1
 99:   0.4485  0.0963  0.4552  1
100:   0.7935  0.2065  0.0000  1
101:   0.0586  0.5146  0.4268  1
102:   0.1922  0.3772  0.4306  1
103:   0.0000  0.7607  0.2393  1
104:   1.0000  0.0000  0.0000  1
105:   0.5071  0.4424  0.0505  1
106:   0.3049  0.3047  0.3904  1
107:   0.4914  0.5086  0.0000  1
108:   0.2549  0.3131  0.4320  1
109:   0.3337  0.6487  0.0176  1
110:   0.0000  1.0000  0.0000  1
111:   0.4675  0.5325  0.0000  1
112:   0.3318  0.2506  0.4176  1
113:   0.7115  0.2885  0.0000  1
114:   0.0000  0.6199  0.3801  1
115:   0.1306  0.2412  0.6282  1
116:   0.2851  0.2845  0.4304  1
117:   0.4787  0.5213  0.0000  1
118:   0.0000  1.0000  0.0000  1
119:   0.4250  0.3077  0.2672  1
120:   0.3015  0.2691  0.4294  1
121:   0.0000  0.4201  0.5799  1
122:   0.2496  0.3153  0.4351  1
123:   0.2518  0.3149  0.4333  1
124:   0.2709  0.4026  0.3266  1
125:   0.0000  1.0000  0.0000  1
126:   0.2851  0.2845  0.4304  1
127:   0.2416  0.4344  0.3240  1
128:   0.3225  0.2868  0.3907  1
129:   0.7931  0.2069  0.0000  1
130:   1.0000  0.0000  0.0000  1
131:   0.1587  0.8413  0.0000  1
132:   0.4321  0.0000  0.5679  1
133:   0.0000  0.0000  1.0000  1
134:   0.2646  0.3070  0.4284  1
135:   0.3041  0.4500  0.2459  1
136:   0.1292  0.5672  0.3035  1
137:   0.0000  1.0000  0.0000  1
138:   0.2926  0.2354  0.4720  1
139:   1.0000  0.0000  0.0000  1
140:   0.0000  1.0000  0.0000  1
141:   0.4237  0.2992  0.2771  1
142:   0.6367  0.1028  0.2606  1
143:   1.0000  0.0000  0.0000  1
144:   0.5403  0.0000  0.4597  1
145:   0.0000  0.3361  0.6639  1
146:   0.7286  0.2714  0.0000  1
147:   0.6887  0.0000  0.3113  1
148:   0.5433  0.2643  0.1924  1
149:   0.2627  0.0000  0.7373  1
150:   0.0000  0.0000  1.0000  1
151:   0.1849  0.3402  0.4749  1
152:   0.2920  0.3905  0.3174  1
153:   0.0000  0.2783  0.7217  1
154:   0.4406  0.4176  0.1417  1
155:   0.2192  0.3755  0.4053  1
156:   0.3733  0.3280  0.2987  1
157:   0.0000  1.0000  0.0000  1
158:   0.0000  0.5137  0.4863  1
159:   0.5913  0.0002  0.4085  1
160:   0.0768  0.2340  0.6893  1
161:   0.0000  0.4112  0.5888  1
162:   0.5399  0.4601  0.0000  1
163:   0.5142  0.3736  0.1121  1
164:   0.0909  0.6578  0.2513  1
165:   0.1101  0.3832  0.5066  1
166:   0.3755  0.5185  0.1060  1
167:   0.0161  0.5773  0.4066  1
168:   0.5014  0.4986  0.0000  1
169:   0.4091  0.5909  0.0000  1
170:   0.3237  0.2757  0.4006  1
171:   0.4849  0.3679  0.1473  1
172:   0.0000  0.8775  0.1225  1
173:   1.0000  0.0000  0.0000  1
174:   0.6185  0.3815  0.0000  1
175:   0.2737  0.7263  0.0000  1
176:   0.6419  0.3581  0.0000  1
177:   0.3868  0.3774  0.2358  1
178:   0.2584  0.7416  0.0000  1
179:   0.4753  0.5247  0.0000  1
180:   0.0000  1.0000  0.0000  1
181:   0.6450  0.3015  0.0535  1
182:   0.9999  0.0001  0.0000  1
183:   0.1929  0.7222  0.0849  1
184:   0.0000  1.0000  0.0000  1
185:   0.0000  0.7610  0.2390  1
186:   0.7742  0.0000  0.2258  1
187:   0.6404  0.3596  0.0000  1
188:   0.3129  0.5041  0.1830  1
189:   0.5087  0.3278  0.1634  1
190:   0.5089  0.4911  0.0000  1
191:   0.8191  0.0000  0.1809  1
192:   0.0575  0.4917  0.4508  1
193:   0.1343  0.6914  0.1743  1
194:   0.4981  0.5019  0.0000  1
195:   0.3015  0.1260  0.5725  1
196:   0.5376  0.0000  0.4624  1
197:   0.0000  0.0000  1.0000  1
198:   0.0000  0.1526  0.8474  1
199:   0.0000  0.0000  1.0000  1
200:   0.3283  0.3440  0.3277  1
201:   0.0000  0.7651  0.2349  1
202:   0.0000  0.3177  0.6823  1
203:   0.0000  1.0000  0.0000  1
204:   0.0000  0.0000  1.0000  1
205:   0.3934  0.2642  0.3424  1
206:   0.7605  0.0000  0.2395  1
207:   0.0000  0.4599  0.5401  1
208:   0.0000  0.0000  1.0000  1
209:   0.0000  0.0000  1.0000  1
210:   0.0000  0.0000  1.0000  1
211:   0.2041  0.0000  0.7959  1
212:   0.2656  0.5761  0.1583  1
213:   1.0000  0.0000  0.0000  1
214:   0.5543  0.0000  0.4457  1
215:   0.3955  0.3889  0.2156  1
216:   0.0000  0.0000  1.0000  1
217:   0.0000  0.5954  0.4046  1
218:   1.0000  0.0000  0.0000  1
219:   0.4038  0.0000  0.5962  1
220:   0.0000  1.0000  0.0000  1
221:   0.0000  1.0000  0.0000  1
222:   0.0000  0.0000  1.0000  1
223:   0.0000  1.0000  0.0000  1
224:   0.8143  0.0558  0.1300  1
225:   0.0000  1.0000  0.0000  1
226:   0.3782  0.0000  0.6218  1
227:   0.1722  0.0000  0.8278  1
228:   0.3187  0.4869  0.1945  1
229:   0.5616  0.0000  0.4384  1
230:   1.0000  0.0000  0.0000  1
231:   0.0000  1.0000  0.0000  1
232:   0.0000  0.0000  1.0000  1
233:   0.4249  0.0000  0.5751  1
234:   0.4043  0.3854  0.2103  1
235:   0.3976  0.6024  0.0000  1
236:   0.0000  0.0000  1.0000  1
237:   1.0000  0.0000  0.0000  1
238:   0.0886  0.3333  0.5781  1
239:   0.2584  0.2885  0.4531  1
240:   0.5185  0.1536  0.3279  1
241:   0.0000  0.0000  1.0000  1
242:   0.0000  1.0000  0.0000  1
243:   0.2559  0.1731  0.5711  1
244:   0.2856  0.0000  0.7144  1
245:   0.0000  0.6279  0.3721  1
246:   0.7560  0.0000  0.2440  1
247:   0.0000  0.7150  0.2850  1
248:   0.2403  0.4271  0.3325  1
249:   0.0000  0.8097  0.1903  1
250:   0.2539  0.3753  0.3708  1
251:   1.0000  0.0000  0.0000  1
252:   0.0000  0.5430  0.4570  1
253:   0.5023  0.0253  0.4723  1
254:   1.0000  0.0000  0.0000  1
255:   1.0000  0.0000  0.0000  1
256:   0.0000  0.0000  1.0000  1
257:   0.6015  0.0000  0.3985  1
258:   0.6606  0.0000  0.3394  1
259:   0.0000  0.0000  1.0000  1
260:   0.0000  0.0000  1.0000  1
261:   0.3988  0.3169  0.2843  1
262:   0.0000  0.4811  0.5189  1

  1:   0.2211  0.2854  0.4935  1
  2:   0.0000  0.3365  0.6635  1
  3:   0.2201  0.7004  0.0795  1
  4:   0.2656  0.5599  0.1744  1
  5:   0.2973  0.7027  0.0000  1
  6:   1.0000  0.0000  0.0000  1
  7:   0.5418  0.4582  0.0000  1
  8:   0.0000  0.0000  1.0000  1
  9:   0.1150  0.2715  0.6135  1
 10:   0.0000  0.3953  0.6047  1
 11:   0.4839  0.1946  0.3215  1
 12:   0.0000  0.0000  1.0000  1
 13:   0.7648  0.1156  0.1196  1
 14:   0.0000  1.0000  0.0000  1
 15:   0.5439  0.2615  0.1947  1
 16:   0.0000  0.0000  1.0000  1
 17:   1.0000  0.0000  0.0000  1
 18:   0.3294  0.5634  0.1072  1
 19:   0.0000  0.4418  0.5582  1
 20:   0.0000  0.6913  0.3087  1
 21:   0.8296  0.0819  0.0885  1
 22:   0.2771  0.0000  0.7229  1
 23:   0.7284  0.2716  0.0000  1
 24:   0.3756  0.6244  0.0000  1
 25:   1.0000  0.0000  0.0000  1
 26:   0.4610  0.5390  0.0000  1
 27:   0.0000  1.0000  0.0000  1
 28:   0.0474  0.5031  0.4495  1
 29:   0.2859  0.4052  0.3089  1
 30:   1.0000  0.0000  0.0000  1
 31:   0.7104  0.1787  0.1110  1
 32:   0.2137  0.3805  0.4058  1
 33:   0.0000  1.0000  0.0000  1
 34:   0.8730  0.0000  0.1270  1
 35:   0.0000  1.0000  0.0000  1
 36:   0.4781  0.5219  0.0000  1
 37:   0.0000  0.0000  1.0000  1
 38:   1.0000  0.0000  0.0000  1
 39:   0.3354  0.6290  0.0356  1
 40:   0.0000  1.0000  0.0000  1
 41:   0.4048  0.4797  0.1154  1
 42:   0.0000  1.0000  0.0000  1
 43:   0.0000  1.0000  0.0000  1
 44:   0.0000  0.0000  1.0000  1
 45:   0.0000  1.0000  0.0000  1
 46:   0.0840  0.5531  0.3629  1
 47:   0.0000  0.8125  0.1875  1
 48:   0.2241  0.7759  0.0000  1
 49:   0.0000  1.0000  0.0000  1
 50:   0.0000  0.0000  1.0000  1
 51:   0.4357  0.5643  0.0000  1
 52:   0.6091  0.3909  0.0000  1
 53:   0.2277  0.4224  0.3499  1
 54:   0.5459  0.4541  0.0000  1
 55:   0.0000  0.0000  1.0000  1
 56:   0.0000  0.4346  0.5654  1
 57:   0.0000  1.0000  0.0000  1
 58:   0.2404  0.2816  0.4780  1
 59:   0.0701  0.7949  0.1350  1
 60:   0.1522  0.5199  0.3279  1
 61:   0.0000  0.0000  1.0000  1
 62:   0.7636  0.0000  0.2364  1
 63:   0.5462  0.1415  0.3124  1
 64:   0.0000  0.0000  1.0000  1
 65:   0.2108  0.6075  0.1817  1
 66:   0.3654  0.6346  0.0000  1
 67:   0.4529  0.2148  0.3323  1
 68:   0.0566  0.4163  0.5271  1
 69:   0.0000  1.0000  0.0000  1
 70:   0.0000  0.0000  1.0000  1
 71:   0.3222  0.3433  0.3345  1
 72:   0.0264  0.0000  0.9736  1
 73:   0.0000  0.4471  0.5529  1
 74:   0.2384  0.3667  0.3949  1
 75:   0.2745  0.4993  0.2262  1
 76:   1.0000  0.0000  0.0000  1
 77:   0.8780  0.0000  0.1220  1
 78:   0.1832  0.0000  0.8168  1
 79:   0.2265  0.0441  0.7294  1
 80:   0.0000  1.0000  0.0000  1
 81:   0.0549  0.1529  0.7921  1
 82:   0.0000  0.0000  1.0000  1
 83:   1.0000  0.0000  0.0000  1
 84:   0.3426  0.3248  0.3326  1
 85:   0.0000  1.0000  0.0000  1
 86:   1.0000  0.0000  0.0000  1
 87:   0.0000  0.0000  1.0000  1
 88:   0.0483  0.5465  0.4052  1
 89:   0.6579  0.0000  0.3421  1
 90:   0.4489  0.0000  0.5511  1
 91:   0.4580  0.0000  0.5420  1
 92:   0.0000  0.7902  0.2098  1
 93:   1.0000  0.0000  0.0000  1
 94:   1.0000  0.0000  0.0000  1
 95:   1.0000  0.0000  0.0000  1
 96:   0.4019  0.0000  0.5981  1
 97:   0.2827  0.2857  0.4316  1
 98:   0.0863  0.3661  0.5476  1
 99:   0.4485  0.0963  0.4552  1
100:   0.7935  0.2065  0.0000  1
101:   0.0586  0.5146  0.4268  1
102:   0.1922  0.3772  0.4306  1
103:   0.0000  0.7607  0.2393  1
104:   1.0000  0.0000  0.0000  1
105:   0.5071  0.4424  0.0505  1
106:   0.3049  0.3047  0.3904  1
107:   0.4914  0.5086  0.0000  1
108:   0.2549  0.3131  0.4320  1
109:   0.3337  0.6487  0.0176  1
110:   0.0000  1.0000  0.0000  1
111:   0.4675  0.5325  0.0000  1
112:   0.3318  0.2506  0.4176  1
113:   0.7115  0.2885  0.0000  1
114:   0.0000  0.6199  0.3801  1
115:   0.1306  0.2412  0.6282  1
116:   0.2851  0.2845  0.4304  1
117:   0.4787  0.5213  0.0000  1
118:   0.0000  1.0000  0.0000  1
119:   0.4250  0.3077  0.2672  1
120:   0.3015  0.2691  0.4294  1
121:   0.0000  0.4201  0.5799  1
122:   0.2496  0.3153  0.4351  1
123:   0.2518  0.3149  0.4333  1
124:   0.2709  0.4026  0.3266  1
125:   0.0000  1.0000  0.0000  1
126:   0.2851  0.2845  0.4304  1
127:   0.2416  0.4344  0.3240  1
128:   0.3225  0.2868  0.3907  1
129:   0.7931  0.2069  0.0000  1
130:   1.0000  0.0000  0.0000  1
131:   0.1587  0.8413  0.0000  1
132:   0.4321  0.0000  0.5679  1
133:   0.0000  0.0000  1.0000  1
134:   0.2646  0.3070  0.4284  1
135:   0.3041  0.4500  0.2459  1
136:   0.1292  0.5672  0.3035  1
137:   0.0000  1.0000  0.0000  1
138:   0.2926  0.2354  0.4720  1
139:   1.0000  0.0000  0.0000  1
140:   0.0000  1.0000  0.0000  1
141:   0.4237  0.2992  0.2771  1
142:   0.6367  0.1028  0.2606  1
143:   1.0000  0.0000  0.0000  1
144:   0.5403  0.0000  0.4597  1
145:   0.0000  0.3361  0.6639  1
146:   0.7286  0.2714  0.0000  1
147:   0.6887  0.0000  0.3113  1
148:   0.5433  0.2643  0.1924  1
149:   0.2627  0.0000  0.7373  1
150:   0.0000  0.0000  1.0000  1
151:   0.1849  0.3402  0.4749  1
152:   0.2920  0.3905  0.3174  1
153:   0.0000  0.2783  0.7217  1
154:   0.4406  0.4176  0.1417  1
155:   0.2192  0.3755  0.4053  1
156:   0.3733  0.3280  0.2987  1
157:   0.0000  1.0000  0.0000  1
158:   0.0000  0.5137  0.4863  1
159:   0.5913  0.0002  0.4085  1
160:   0.0768  0.2340  0.6893  1
161:   0.0000  0.4112  0.5888  1
162:   0.5399  0.4601  0.0000  1
163:   0.5142  0.3736  0.1121  1
164:   0.0909  0.6578  0.2513  1
165:   0.1101  0.3832  0.5066  1
166:   0.3755  0.5185  0.1060  1
167:   0.0161  0.5773  0.4066  1
168:   0.5014  0.4986  0.0000  1
169:   0.4091  0.5909  0.0000  1
170:   0.3237  0.2757  0.4006  1
171:   0.4849  0.3679  0.1473  1
172:   0.0000  0.8775  0.1225  1
173:   1.0000  0.0000  0.0000  1
174:   0.6185  0.3815  0.0000  1
175:   0.2737  0.7263  0.0000  1
176:   0.6419  0.3581  0.0000  1
177:   0.3868  0.3774  0.2358  1
178:   0.2584  0.7416  0.0000  1
179:   0.4753  0.5247  0.0000  1
180:   0.0000  1.0000  0.0000  1
181:   0.6450  0.3015  0.0535  1
182:   0.9999  0.0001  0.0000  1
183:   0.1929  0.7222  0.0849  1
184:   0.0000  1.0000  0.0000  1
185:   0.0000  0.7610  0.2390  1
186:   0.7742  0.0000  0.2258  1
187:   0.6404  0.3596  0.0000  1
188:   0.3129  0.5041  0.1830  1
189:   0.5087  0.3278  0.1634  1
190:   0.5089  0.4911  0.0000  1
191:   0.8191  0.0000  0.1809  1
192:   0.0575  0.4917  0.4508  1
193:   0.1343  0.6914  0.1743  1
194:   0.4981  0.5019  0.0000  1
195:   0.3015  0.1260  0.5725  1
196:   0.5376  0.0000  0.4624  1
197:   0.0000  0.0000  1.0000  1
198:   0.0000  0.1526  0.8474  1
199:   0.0000  0.0000  1.0000  1
200:   0.3283  0.3440  0.3277  1
201:   0.0000  0.7651  0.2349  1
202:   0.0000  0.3177  0.6823  1
203:   0.0000  1.0000  0.0000  1
204:   0.0000  0.0000  1.0000  1
205:   0.3934  0.2642  0.3424  1
206:   0.7605  0.0000  0.2395  1
207:   0.0000  0.4599  0.5401  1
208:   0.0000  0.0000  1.0000  1
209:   0.0000  0.0000  1.0000  1
210:   0.0000  0.0000  1.0000  1
211:   0.2041  0.0000  0.7959  1
212:   0.2656  0.5761  0.1583  1
213:   1.0000  0.0000  0.0000  1
214:   0.5543  0.0000  0.4457  1
215:   0.3955  0.3889  0.2156  1
216:   0.0000  0.0000  1.0000  1
217:   0.0000  0.5954  0.4046  1
218:   1.0000  0.0000  0.0000  1
219:   0.4038  0.0000  0.5962  1
220:   0.0000  1.0000  0.0000  1
221:   0.0000  1.0000  0.0000  1
222:   0.0000  0.0000  1.0000  1
223:   0.0000  1.0000  0.0000  1
224:   0.8143  0.0558  0.1300  1
225:   0.0000  1.0000  0.0000  1
226:   0.3782  0.0000  0.6218  1
227:   0.1722  0.0000  0.8278  1
228:   0.3187  0.4869  0.1945  1
229:   0.5616  0.0000  0.4384  1
230:   1.0000  0.0000  0.0000  1
231:   0.0000  1.0000  0.0000  1
232:   0.0000  0.0000  1.0000  1
233:   0.4249  0.0000  0.5751  1
234:   0.4043  0.3854  0.2103  1
235:   0.3976  0.6024  0.0000  1
236:   0.0000  0.0000  1.0000  1
237:   1.0000  0.0000  0.0000  1
238:   0.0886  0.3333  0.5781  1
239:   0.2584  0.2885  0.4531  1
240:   0.5185  0.1536  0.3279  1
241:   0.0000  0.0000  1.0000  1
242:   0.0000  1.0000  0.0000  1
243:   0.2559  0.1731  0.5711  1
244:   0.2856  0.0000  0.7144  1
245:   0.0000  0.6279  0.3721  1
246:   0.7560  0.0000  0.2440  1
247:   0.0000  0.7150  0.2850  1
248:   0.2403  0.4271  0.3325  1
249:   0.0000  0.8097  0.1903  1
250:   0.2539  0.3753  0.3708  1
251:   1.0000  0.0000  0.0000  1
252:   0.0000  0.5430  0.4570  1
253:   0.5023  0.0253  0.4723  1
254:   1.0000  0.0000  0.0000  1
255:   1.0000  0.0000  0.0000  1
256:   0.0000  0.0000  1.0000  1
257:   0.6015  0.0000  0.3985  1
258:   0.6606  0.0000  0.3394  1
259:   0.0000  0.0000  1.0000  1
260:   0.0000  0.0000  1.0000  1
261:   0.3988  0.3169  0.2843  1
262:   0.0000  0.4811  0.5189  1

  1:   0.2211  0.2854  0.4935  1
  2:   0.0000  0.3365  0.6635  1
  3:   0.2201  0.7004  0.0795  1
  4:   0.2656  0.5599  0.1744  1
  5:   0.2973  0.7027  0.0000  1
  6:   1.0000  0.0000  0.0000  1
  7:   0.5418  0.4582  0.0000  1
  8:   0.0000  0.0000  1.0000  1
  9:   0.1150  0.2715  0.6135  1
 10:   0.0000  0.3953  0.6047  1
 11:   0.4839  0.1946  0.3215  1
 12:   0.0000  0.0000  1.0000  1
 13:   0.7648  0.1156  0.1196  1
 14:   0.0000  1.0000  0.0000  1
 15:   0.5439  0.2615  0.1947  1
 16:   0.0000  0.0000  1.0000  1
 17:   1.0000  0.0000  0.0000  1
 18:   0.3294  0.5634  0.1072  1
 19:   0.0000  0.4418  0.5582  1
 20:   0.0000  0.6913  0.3087  1
 21:   0.8296  0.0819  0.0885  1
 22:   0.2771  0.0000  0.7229  1
 23:   0.7284  0.2716  0.0000  1
 24:   0.3756  0.6244  0.0000  1
 25:   1.0000  0.0000  0.0000  1
 26:   0.4610  0.5390  0.0000  1
 27:   0.0000  1.0000  0.0000  1
 28:   0.0474  0.5031  0.4495  1
 29:   0.2859  0.4052  0.3089  1
 30:   1.0000  0.0000  0.0000  1
 31:   0.7104  0.1787  0.1110  1
 32:   0.2137  0.3805  0.4058  1
 33:   0.0000  1.0000  0.0000  1
 34:   0.8730  0.0000  0.1270  1
 35:   0.0000  1.0000  0.0000  1
 36:   0.4781  0.5219  0.0000  1
 37:   0.0000  0.0000  1.0000  1
 38:   1.0000  0.0000  0.0000  1
 39:   0.3354  0.6290  0.0356  1
 40:   0.0000  1.0000  0.0000  1
 41:   0.4048  0.4797  0.1154  1
 42:   0.0000  1.0000  0.0000  1
 43:   0.0000  1.0000  0.0000  1
 44:   0.0000  0.0000  1.0000  1
 45:   0.0000  1.0000  0.0000  1
 46:   0.0840  0.5531  0.3629  1
 47:   0.0000  0.8125  0.1875  1
 48:   0.2241  0.7759  0.0000  1
 49:   0.0000  1.0000  0.0000  1
 50:   0.0000  0.0000  1.0000  1
 51:   0.4357  0.5643  0.0000  1
 52:   0.6091  0.3909  0.0000  1
 53:   0.2277  0.4224  0.3499  1
 54:   0.5459  0.4541  0.0000  1
 55:   0.0000  0.0000  1.0000  1
 56:   0.0000  0.4346  0.5654  1
 57:   0.0000  1.0000  0.0000  1
 58:   0.2404  0.2816  0.4780  1
 59:   0.0701  0.7949  0.1350  1
 60:   0.1522  0.5199  0.3279  1
 61:   0.0000  0.0000  1.0000  1
 62:   0.7636  0.0000  0.2364  1
 63:   0.5462  0.1415  0.3124  1
 64:   0.0000  0.0000  1.0000  1
 65:   0.2108  0.6075  0.1817  1
 66:   0.3654  0.6346  0.0000  1
 67:   0.4529  0.2148  0.3323  1
 68:   0.0566  0.4163  0.5271  1
 69:   0.0000  1.0000  0.0000  1
 70:   0.0000  0.0000  1.0000  1
 71:   0.3222  0.3433  0.3345  1
 72:   0.0264  0.0000  0.9736  1
 73:   0.0000  0.4471  0.5529  1
 74:   0.2384  0.3667  0.3949  1
 75:   0.2745  0.4993  0.2262  1
 76:   1.0000  0.0000  0.0000  1
 77:   0.8780  0.0000  0.1220  1
 78:   0.1832  0.0000  0.8168  1
 79:   0.2265  0.0441  0.7294  1
 80:   0.0000  1.0000  0.0000  1
 81:   0.0549  0.1529  0.7921  1
 82:   0.0000  0.0000  1.0000  1
 83:   1.0000  0.0000  0.0000  1
 84:   0.3426  0.3248  0.3326  1
 85:   0.0000  1.0000  0.0000  1
 86:   1.0000  0.0000  0.0000  1
 87:   0.0000  0.0000  1.0000  1
 88:   0.0483  0.5465  0.4052  1
 89:   0.6579  0.0000  0.3421  1
 90:   0.4489  0.0000  0.5511  1
 91:   0.4580  0.0000  0.5420  1
 92:   0.0000  0.7902  0.2098  1
 93:   1.0000  0.0000  0.0000  1
 94:   1.0000  0.0000  0.0000  1
 95:   1.0000  0.0000  0.0000  1
 96:   0.4019  0.0000  0.5981  1
 97:   0.2827  0.2857  0.4316  1
 98:   0.0863  0.3661  0.5476  1
 99:   0.4485  0.0963  0.4552  1
100:   0.7935  0.2065  0.0000  1
101:   0.0586  0.5146  0.4268  1
102:   0.1922  0.3772  0.4306  1
103:   0.0000  0.7607  0.2393  1
104:   1.0000  0.0000  0.0000  1
105:   0.5071  0.4424  0.0505  1
106:   0.3049  0.3047  0.3904  1
107:   0.4914  0.5086  0.0000  1
108:   0.2549  0.3131  0.4320  1
109:   0.3337  0.6487  0.0176  1
110:   0.0000  1.0000  0.0000  1
111:   0.4675  0.5325  0.0000  1
112:   0.3318  0.2506  0.4176  1
113:   0.7115  0.2885  0.0000  1
114:   0.0000  0.6199  0.3801  1
115:   0.1306  0.2412  0.6282  1
116:   0.2851  0.2845  0.4304  1
117:   0.4787  0.5213  0.0000  1
118:   0.0000  1.0000  0.0000  1
119:   0.4250  0.3077  0.2672  1
120:   0.3015  0.2691  0.4294  1
121:   0.0000  0.4201  0.5799  1
122:   0.2496  0.3153  0.4351  1
123:   0.2518  0.3149  0.4333  1
124:   0.2709  0.4026  0.3266  1
125:   0.0000  1.0000  0.0000  1
126:   0.2851  0.2845  0.4304  1
127:   0.2416  0.4344  0.3240  1
128:   0.3225  0.2868  0.3907  1
129:   0.7931  0.2069  0.0000  1
130:   1.0000  0.0000  0.0000  1
131:   0.1587  0.8413  0.0000  1
132:   0.4321  0.0000  0.5679  1
133:   0.0000  0.0000  1.0000  1
134:   0.2646  0.3070  0.4284  1
135:   0.3041  0.4500  0.2459  1
136:   0.1292  0.5672  0.3035  1
137:   0.0000  1.0000  0.0000  1
138:   0.2926  0.2354  0.4720  1
139:   1.0000  0.0000  0.0000  1
140:   0.0000  1.0000  0.0000  1
141:   0.4237  0.2992  0.2771  1
142:   0.6367  0.1028  0.2606  1
143:   1.0000  0.0000  0.0000  1
144:   0.5403  0.0000  0.4597  1
145:   0.0000  0.3361  0.6639  1
146:   0.7286  0.2714  0.0000  1
147:   0.6887  0.0000  0.3113  1
148:   0.5433  0.2643  0.1924  1
149:   0.2627  0.0000  0.7373  1
150:   0.0000  0.0000  1.0000  1
151:   0.1849  0.3402  0.4749  1
152:   0.2920  0.3905  0.3174  1
153:   0.0000  0.2783  0.7217  1
154:   0.4406  0.4176  0.1417  1
155:   0.2192  0.3755  0.4053  1
156:   0.3733  0.3280  0.2987  1
157:   0.0000  1.0000  0.0000  1
158:   0.0000  0.5137  0.4863  1
159:   0.5913  0.0002  0.4085  1
160:   0.0768  0.2340  0.6893  1
161:   0.0000  0.4112  0.5888  1
162:   0.5399  0.4601  0.0000  1
163:   0.5142  0.3736  0.1121  1
164:   0.0909  0.6578  0.2513  1
165:   0.1101  0.3832  0.5066  1
166:   0.3755  0.5185  0.1060  1
167:   0.0161  0.5773  0.4066  1
168:   0.5014  0.4986  0.0000  1
169:   0.4091  0.5909  0.0000  1
170:   0.3237  0.2757  0.4006  1
171:   0.4849  0.3679  0.1473  1
172:   0.0000  0.8775  0.1225  1
173:   1.0000  0.0000  0.0000  1
174:   0.6185  0.3815  0.0000  1
175:   0.2737  0.7263  0.0000  1
176:   0.6419  0.3581  0.0000  1
177:   0.3868  0.3774  0.2358  1
178:   0.2584  0.7416  0.0000  1
179:   0.4753  0.5247  0.0000  1
180:   0.0000  1.0000  0.0000  1
181:   0.6450  0.3015  0.0535  1
182:   0.9999  0.0001  0.0000  1
183:   0.1929  0.7222  0.0849  1
184:   0.0000  1.0000  0.0000  1
185:   0.0000  0.7610  0.2390  1
186:   0.7742  0.0000  0.2258  1
187:   0.6404  0.3596  0.0000  1
188:   0.3129  0.5041  0.1830  1
189:   0.5087  0.3278  0.1634  1
190:   0.5089  0.4911  0.0000  1
191:   0.8191  0.0000  0.1809  1
192:   0.0575  0.4917  0.4508  1
193:   0.1343  0.6914  0.1743  1
194:   0.4981  0.5019  0.0000  1
195:   0.3015  0.1260  0.5725  1
196:   0.5376  0.0000  0.4624  1
197:   0.0000  0.0000  1.0000  1
198:   0.0000  0.1526  0.8474  1
199:   0.0000  0.0000  1.0000  1
200:   0.3283  0.3440  0.3277  1
201:   0.0000  0.7651  0.2349  1
202:   0.0000  0.3177  0.6823  1
203:   0.0000  1.0000  0.0000  1
204:   0.0000  0.0000  1.0000  1
205:   0.3934  0.2642  0.3424  1
206:   0.7605  0.0000  0.2395  1
207:   0.0000  0.4599  0.5401  1
208:   0.0000  0.0000  1.0000  1
209:   0.0000  0.0000  1.0000  1
210:   0.0000  0.0000  1.0000  1
211:   0.2041  0.0000  0.7959  1
212:   0.2656  0.5761  0.1583  1
213:   1.0000  0.0000  0.0000  1
214:   0.5543  0.0000  0.4457  1
215:   0.3955  0.3889  0.2156  1
216:   0.0000  0.0000  1.0000  1
217:   0.0000  0.5954  0.4046  1
218:   1.0000  0.0000  0.0000  1
219:   0.4038  0.0000  0.5962  1
220:   0.0000  1.0000  0.0000  1
221:   0.0000  1.0000  0.0000  1
222:   0.0000  0.0000  1.0000  1
223:   0.0000  1.0000  0.0000  1
224:   0.8143  0.0558  0.1300  1
225:   0.0000  1.0000  0.0000  1
226:   0.3782  0.0000  0.6218  1
227:   0.1722  0.0000  0.8278  1
228:   0.3187  0.4869  0.1945  1
229:   0.5616  0.0000  0.4384  1
230:   1.0000  0.0000  0.0000  1
231:   0.0000  1.0000  0.0000  1
232:   0.0000  0.0000  1.0000  1
233:   0.4249  0.0000  0.5751  1
234:   0.4043  0.3854  0.2103  1
235:   0.3976  0.6024  0.0000  1
236:   0.0000  0.0000  1.0000  1
237:   1.0000  0.0000  0.0000  1
238:   0.0886  0.3333  0.5781  1
239:   0.2584  0.2885  0.4531  1
240:   0.5185  0.1536  0.3279  1
241:   0.0000  0.0000  1.0000  1
242:   0.0000  1.0000  0.0000  1
243:   0.2559  0.1731  0.5711  1
244:   0.2856  0.0000  0.7144  1
245:   0.0000  0.6279  0.3721  1
246:   0.7560  0.0000  0.2440  1
247:   0.0000  0.7150  0.2850  1
248:   0.2403  0.4271  0.3325  1
249:   0.0000  0.8097  0.1903  1
250:   0.2539  0.3753  0.3708  1
251:   1.0000  0.0000  0.0000  1
252:   0.0000  0.5430  0.4570  1
253:   0.5023  0.0253  0.4723  1
254:   1.0000  0.0000  0.0000  1
255:   1.0000  0.0000  0.0000  1
256:   0.0000  0.0000  1.0000  1
257:   0.6015  0.0000  0.3985  1
258:   0.6606  0.0000  0.3394  1
259:   0.0000  0.0000  1.0000  1
260:   0.0000  0.0000  1.0000  1
261:   0.3988  0.3169  0.2843  1
262:   0.0000  0.4811  0.5189  1

  1:   0.2211  0.2854  0.4935  1
  2:   0.0000  0.3365  0.6635  1
  3:   0.2201  0.7004  0.0795  1
  4:   0.2656  0.5599  0.1744  1
  5:   0.2973  0.7027  0.0000  1
  6:   1.0000  0.0000  0.0000  1
  7:   0.5418  0.4582  0.0000  1
  8:   0.0000  0.0000  1.0000  1
  9:   0.1150  0.2715  0.6135  1
 10:   0.0000  0.3953  0.6047  1
 11:   0.4839  0.1946  0.3215  1
 12:   0.0000  0.0000  1.0000  1
 13:   0.7648  0.1156  0.1196  1
 14:   0.0000  1.0000  0.0000  1
 15:   0.5439  0.2615  0.1947  1
 16:   0.0000  0.0000  1.0000  1
 17:   1.0000  0.0000  0.0000  1
 18:   0.3294  0.5634  0.1072  1
 19:   0.0000  0.4418  0.5582  1
 20:   0.0000  0.6913  0.3087  1
 21:   0.8296  0.0819  0.0885  1
 22:   0.2771  0.0000  0.7229  1
 23:   0.7284  0.2716  0.0000  1
 24:   0.3756  0.6244  0.0000  1
 25:   1.0000  0.0000  0.0000  1
 26:   0.4610  0.5390  0.0000  1
 27:   0.0000  1.0000  0.0000  1
 28:   0.0474  0.5031  0.4495  1
 29:   0.2859  0.4052  0.3089  1
 30:   1.0000  0.0000  0.0000  1
 31:   0.7104  0.1787  0.1110  1
 32:   0.2137  0.3805  0.4058  1
 33:   0.0000  1.0000  0.0000  1
 34:   0.8730  0.0000  0.1270  1
 35:   0.0000  1.0000  0.0000  1
 36:   0.4781  0.5219  0.0000  1
 37:   0.0000  0.0000  1.0000  1
 38:   1.0000  0.0000  0.0000  1
 39:   0.3354  0.6290  0.0356  1
 40:   0.0000  1.0000  0.0000  1
 41:   0.4048  0.4797  0.1154  1
 42:   0.0000  1.0000  0.0000  1
 43:   0.0000  1.0000  0.0000  1
 44:   0.0000  0.0000  1.0000  1
 45:   0.0000  1.0000  0.0000  1
 46:   0.0840  0.5531  0.3629  1
 47:   0.0000  0.8125  0.1875  1
 48:   0.2241  0.7759  0.0000  1
 49:   0.0000  1.0000  0.0000  1
 50:   0.0000  0.0000  1.0000  1
 51:   0.4357  0.5643  0.0000  1
 52:   0.6091  0.3909  0.0000  1
 53:   0.2277  0.4224  0.3499  1
 54:   0.5459  0.4541  0.0000  1
 55:   0.0000  0.0000  1.0000  1
 56:   0.0000  0.4346  0.5654  1
 57:   0.0000  1.0000  0.0000  1
 58:   0.2404  0.2816  0.4780  1
 59:   0.0701  0.7949  0.1350  1
 60:   0.1522  0.5199  0.3279  1
 61:   0.0000  0.0000  1.0000  1
 62:   0.7636  0.0000  0.2364  1
 63:   0.5462  0.1415  0.3124  1
 64:   0.0000  0.0000  1.0000  1
 65:   0.2108  0.6075  0.1817  1
 66:   0.3654  0.6346  0.0000  1
 67:   0.4529  0.2148  0.3323  1
 68:   0.0566  0.4163  0.5271  1
 69:   0.0000  1.0000  0.0000  1
 70:   0.0000  0.0000  1.0000  1
 71:   0.3222  0.3433  0.3345  1
 72:   0.0264  0.0000  0.9736  1
 73:   0.0000  0.4471  0.5529  1
 74:   0.2384  0.3667  0.3949  1
 75:   0.2745  0.4993  0.2262  1
 76:   1.0000  0.0000  0.0000  1
 77:   0.8780  0.0000  0.1220  1
 78:   0.1832  0.0000  0.8168  1
 79:   0.2265  0.0441  0.7294  1
 80:   0.0000  1.0000  0.0000  1
 81:   0.0549  0.1529  0.7921  1
 82:   0.0000  0.0000  1.0000  1
 83:   1.0000  0.0000  0.0000  1
 84:   0.3426  0.3248  0.3326  1
 85:   0.0000  1.0000  0.0000  1
 86:   1.0000  0.0000  0.0000  1
 87:   0.0000  0.0000  1.0000  1
 88:   0.0483  0.5465  0.4052  1
 89:   0.6579  0.0000  0.3421  1
 90:   0.4489  0.0000  0.5511  1
 91:   0.4580  0.0000  0.5420  1
 92:   0.0000  0.7902  0.2098  1
 93:   1.0000  0.0000  0.0000  1
 94:   1.0000  0.0000  0.0000  1
 95:   1.0000  0.0000  0.0000  1
 96:   0.4019  0.0000  0.5981  1
 97:   0.2827  0.2857  0.4316  1
 98:   0.0863  0.3661  0.5476  1
 99:   0.4485  0.0963  0.4552  1
100:   0.7935  0.2065  0.0000  1
101:   0.0586  0.5146  0.4268  1
102:   0.1922  0.3772  0.4306  1
103:   0.0000  0.7607  0.2393  1
104:   1.0000  0.0000  0.0000  1
105:   0.5071  0.4424  0.0505  1
106:   0.3049  0.3047  0.3904  1
107:   0.4914  0.5086  0.0000  1
108:   0.2549  0.3131  0.4320  1
109:   0.3337  0.6487  0.0176  1
110:   0.0000  1.0000  0.0000  1
111:   0.4675  0.5325  0.0000  1
112:   0.3318  0.2506  0.4176  1
113:   0.7115  0.2885  0.0000  1
114:   0.0000  0.6199  0.3801  1
115:   0.1306  0.2412  0.6282  1
116:   0.2851  0.2845  0.4304  1
117:   0.4787  0.5213  0.0000  1
118:   0.0000  1.0000  0.0000  1
119:   0.4250  0.3077  0.2672  1
120:   0.3015  0.2691  0.4294  1
121:   0.0000  0.4201  0.5799  1
122:   0.2496  0.3153  0.4351  1
123:   0.2518  0.3149  0.4333  1
124:   0.2709  0.4026  0.3266  1
125:   0.0000  1.0000  0.0000  1
126:   0.2851  0.2845  0.4304  1
127:   0.2416  0.4344  0.3240  1
128:   0.3225  0.2868  0.3907  1
129:   0.7931  0.2069  0.0000  1
130:   1.0000  0.0000  0.0000  1
131:   0.1587  0.8413  0.0000  1
132:   0.4321  0.0000  0.5679  1
133:   0.0000  0.0000  1.0000  1
134:   0.2646  0.3070  0.4284  1
135:   0.3041  0.4500  0.2459  1
136:   0.1292  0.5672  0.3035  1
137:   0.0000  1.0000  0.0000  1
138:   0.2926  0.2354  0.4720  1
139:   1.0000  0.0000  0.0000  1
140:   0.0000  1.0000  0.0000  1
141:   0.4237  0.2992  0.2771  1
142:   0.6367  0.1028  0.2606  1
143:   1.0000  0.0000  0.0000  1
144:   0.5403  0.0000  0.4597  1
145:   0.0000  0.3361  0.6639  1
146:   0.7286  0.2714  0.0000  1
147:   0.6887  0.0000  0.3113  1
148:   0.5433  0.2643  0.1924  1
149:   0.2627  0.0000  0.7373  1
150:   0.0000  0.0000  1.0000  1
151:   0.1849  0.3402  0.4749  1
152:   0.2920  0.3905  0.3174  1
153:   0.0000  0.2783  0.7217  1
154:   0.4406  0.4176  0.1417  1
155:   0.2192  0.3755  0.4053  1
156:   0.3733  0.3280  0.2987  1
157:   0.0000  1.0000  0.0000  1
158:   0.0000  0.5137  0.4863  1
159:   0.5913  0.0002  0.4085  1
160:   0.0768  0.2340  0.6893  1
161:   0.0000  0.4112  0.5888  1
162:   0.5399  0.4601  0.0000  1
163:   0.5142  0.3736  0.1121  1
164:   0.0909  0.6578  0.2513  1
165:   0.1101  0.3832  0.5066  1
166:   0.3755  0.5185  0.1060  1
167:   0.0161  0.5773  0.4066  1
168:   0.5014  0.4986  0.0000  1
169:   0.4091  0.5909  0.0000  1
170:   0.3237  0.2757  0.4006  1
171:   0.4849  0.3679  0.1473  1
172:   0.0000  0.8775  0.1225  1
173:   1.0000  0.0000  0.0000  1
174:   0.6185  0.3815  0.0000  1
175:   0.2737  0.7263  0.0000  1
176:   0.6419  0.3581  0.0000  1
177:   0.3868  0.3774  0.2358  1
178:   0.2584  0.7416  0.0000  1
179:   0.4753  0.5247  0.0000  1
180:   0.0000  1.0000  0.0000  1
181:   0.6450  0.3015  0.0535  1
182:   0.9999  0.0001  0.0000  1
183:   0.1929  0.7222  0.0849  1
184:   0.0000  1.0000  0.0000  1
185:   0.0000  0.7610  0.2390  1
186:   0.7742  0.0000  0.2258  1
187:   0.6404  0.3596  0.0000  1
188:   0.3129  0.5041  0.1830  1
189:   0.5087  0.3278  0.1634  1
190:   0.5089  0.4911  0.0000  1
191:   0.8191  0.0000  0.1809  1
192:   0.0575  0.4917  0.4508  1
193:   0.1343  0.6914  0.1743  1
194:   0.4981  0.5019  0.0000  1
195:   0.3015  0.1260  0.5725  1
196:   0.5376  0.0000  0.4624  1
197:   0.0000  0.0000  1.0000  1
198:   0.0000  0.1526  0.8474  1
199:   0.0000  0.0000  1.0000  1
200:   0.3283  0.3440  0.3277  1
201:   0.0000  0.7651  0.2349  1
202:   0.0000  0.3177  0.6823  1
203:   0.0000  1.0000  0.0000  1
204:   0.0000  0.0000  1.0000  1
205:   0.3934  0.2642  0.3424  1
206:   0.7605  0.0000  0.2395  1
207:   0.0000  0.4599  0.5401  1
208:   0.0000  0.0000  1.0000  1
209:   0.0000  0.0000  1.0000  1
210:   0.0000  0.0000  1.0000  1
211:   0.2041  0.0000  0.7959  1
212:   0.2656  0.5761  0.1583  1
213:   1.0000  0.0000  0.0000  1
214:   0.5543  0.0000  0.4457  1
215:   0.3955  0.3889  0.2156  1
216:   0.0000  0.0000  1.0000  1
217:   0.0000  0.5954  0.4046  1
218:   1.0000  0.0000  0.0000  1
219:   0.4038  0.0000  0.5962  1
220:   0.0000  1.0000  0.0000  1
221:   0.0000  1.0000  0.0000  1
222:   0.0000  0.0000  1.0000  1
223:   0.0000  1.0000  0.0000  1
224:   0.8143  0.0558  0.1300  1
225:   0.0000  1.0000  0.0000  1
226:   0.3782  0.0000  0.6218  1
227:   0.1722  0.0000  0.8278  1
228:   0.3187  0.4869  0.1945  1
229:   0.5616  0.0000  0.4384  1
230:   1.0000  0.0000  0.0000  1
231:   0.0000  1.0000  0.0000  1
232:   0.0000  0.0000  1.0000  1
233:   0.4249  0.0000  0.5751  1
234:   0.4043  0.3854  0.2103  1
235:   0.3976  0.6024  0.0000  1
236:   0.0000  0.0000  1.0000  1
237:   1.0000  0.0000  0.0000  1
238:   0.0886  0.3333  0.5781  1
239:   0.2584  0.2885  0.4531  1
240:   0.5185  0.1536  0.3279  1
241:   0.0000  0.0000  1.0000  1
242:   0.0000  1.0000  0.0000  1
243:   0.2559  0.1731  0.5711  1
244:   0.2856  0.0000  0.7144  1
245:   0.0000  0.6279  0.3721  1
246:   0.7560  0.0000  0.2440  1
247:   0.0000  0.7150  0.2850  1
248:   0.2403  0.4271  0.3325  1
249:   0.0000  0.8097  0.1903  1
250:   0.2539  0.3753  0.3708  1
251:   1.0000  0.0000  0.0000  1
252:   0.0000  0.5430  0.4570  1
253:   0.5023  0.0253  0.4723  1
254:   1.0000  0.0000  0.0000  1
255:   1.0000  0.0000  0.0000  1
256:   0.0000  0.0000  1.0000  1
257:   0.6015  0.0000  0.3985  1
258:   0.6606  0.0000  0.3394  1
259:   0.0000  0.0000  1.0000  1
260:   0.0000  0.0000  1.0000  1
261:   0.3988  0.3169  0.2843  1
262:   0.0000  0.4811  0.5189  1

  1:   0.2211  0.2854  0.4935  1
  2:   0.0000  0.3365  0.6635  1
  3:   0.2201  0.7004  0.0795  1
  4:   0.2656  0.5599  0.1744  1
  5:   0.2973  0.7027  0.0000  1
  6:   1.0000  0.0000  0.0000  1
  7:   0.5418  0.4582  0.0000  1
  8:   0.0000  0.0000  1.0000  1
  9:   0.1150  0.2715  0.6135  1
 10:   0.0000  0.3953  0.6047  1
 11:   0.4839  0.1946  0.3215  1
 12:   0.0000  0.0000  1.0000  1
 13:   0.7648  0.1156  0.1196  1
 14:   0.0000  1.0000  0.0000  1
 15:   0.5439  0.2615  0.1947  1
 16:   0.0000  0.0000  1.0000  1
 17:   1.0000  0.0000  0.0000  1
 18:   0.3294  0.5634  0.1072  1
 19:   0.0000  0.4418  0.5582  1
 20:   0.0000  0.6913  0.3087  1
 21:   0.8296  0.0819  0.0885  1
 22:   0.2771  0.0000  0.7229  1
 23:   0.7284  0.2716  0.0000  1
 24:   0.3756  0.6244  0.0000  1
 25:   1.0000  0.0000  0.0000  1
 26:   0.4610  0.5390  0.0000  1
 27:   0.0000  1.0000  0.0000  1
 28:   0.0474  0.5031  0.4495  1
 29:   0.2859  0.4052  0.3089  1
 30:   1.0000  0.0000  0.0000  1
 31:   0.7104  0.1787  0.1110  1
 32:   0.2137  0.3805  0.4058  1
 33:   0.0000  1.0000  0.0000  1
 34:   0.8730  0.0000  0.1270  1
 35:   0.0000  1.0000  0.0000  1
 36:   0.4781  0.5219  0.0000  1
 37:   0.0000  0.0000  1.0000  1
 38:   1.0000  0.0000  0.0000  1
 39:   0.3354  0.6290  0.0356  1
 40:   0.0000  1.0000  0.0000  1
 41:   0.4048  0.4797  0.1154  1
 42:   0.0000  1.0000  0.0000  1
 43:   0.0000  1.0000  0.0000  1
 44:   0.0000  0.0000  1.0000  1
 45:   0.0000  1.0000  0.0000  1
 46:   0.0840  0.5531  0.3629  1
 47:   0.0000  0.8125  0.1875  1
 48:   0.2241  0.7759  0.0000  1
 49:   0.0000  1.0000  0.0000  1
 50:   0.0000  0.0000  1.0000  1
 51:   0.4357  0.5643  0.0000  1
 52:   0.6091  0.3909  0.0000  1
 53:   0.2277  0.4224  0.3499  1
 54:   0.5459  0.4541  0.0000  1
 55:   0.0000  0.0000  1.0000  1
 56:   0.0000  0.4346  0.5654  1
 57:   0.0000  1.0000  0.0000  1
 58:   0.2404  0.2816  0.4780  1
 59:   0.0701  0.7949  0.1350  1
 60:   0.1522  0.5199  0.3279  1
 61:   0.0000  0.0000  1.0000  1
 62:   0.7636  0.0000  0.2364  1
 63:   0.5462  0.1415  0.3124  1
 64:   0.0000  0.0000  1.0000  1
 65:   0.2108  0.6075  0.1817  1
 66:   0.3654  0.6346  0.0000  1
 67:   0.4529  0.2148  0.3323  1
 68:   0.0566  0.4163  0.5271  1
 69:   0.0000  1.0000  0.0000  1
 70:   0.0000  0.0000  1.0000  1
 71:   0.3222  0.3433  0.3345  1
 72:   0.0264  0.0000  0.9736  1
 73:   0.0000  0.4471  0.5529  1
 74:   0.2384  0.3667  0.3949  1
 75:   0.2745  0.4993  0.2262  1
 76:   1.0000  0.0000  0.0000  1
 77:   0.8780  0.0000  0.1220  1
 78:   0.1832  0.0000  0.8168  1
 79:   0.2265  0.0441  0.7294  1
 80:   0.0000  1.0000  0.0000  1
 81:   0.0549  0.1529  0.7921  1
 82:   0.0000  0.0000  1.0000  1
 83:   1.0000  0.0000  0.0000  1
 84:   0.3426  0.3248  0.3326  1
 85:   0.0000  1.0000  0.0000  1
 86:   1.0000  0.0000  0.0000  1
 87:   0.0000  0.0000  1.0000  1
 88:   0.0483  0.5465  0.4052  1
 89:   0.6579  0.0000  0.3421  1
 90:   0.4489  0.0000  0.5511  1
 91:   0.4580  0.0000  0.5420  1
 92:   0.0000  0.7902  0.2098  1
 93:   1.0000  0.0000  0.0000  1
 94:   1.0000  0.0000  0.0000  1
 95:   1.0000  0.0000  0.0000  1
 96:   0.4019  0.0000  0.5981  1
 97:   0.2827  0.2857  0.4316  1
 98:   0.0863  0.3661  0.5476  1
 99:   0.4485  0.0963  0.4552  1
100:   0.7935  0.2065  0.0000  1
101:   0.0586  0.5146  0.4268  1
102:   0.1922  0.3772  0.4306  1
103:   0.0000  0.7607  0.2393  1
104:   1.0000  0.0000  0.0000  1
105:   0.5071  0.4424  0.0505  1
106:   0.3049  0.3047  0.3904  1
107:   0.4914  0.5086  0.0000  1
108:   0.2549  0.3131  0.4320  1
109:   0.3337  0.6487  0.0176  1
110:   0.0000  1.0000  0.0000  1
111:   0.4675  0.5325  0.0000  1
112:   0.3318  0.2506  0.4176  1
113:   0.7115  0.2885  0.0000  1
114:   0.0000  0.6199  0.3801  1
115:   0.1306  0.2412  0.6282  1
116:   0.2851  0.2845  0.4304  1
117:   0.4787  0.5213  0.0000  1
118:   0.0000  1.0000  0.0000  1
119:   0.4250  0.3077  0.2672  1
120:   0.3015  0.2691  0.4294  1
121:   0.0000  0.4201  0.5799  1
122:   0.2496  0.3153  0.4351  1
123:   0.2518  0.3149  0.4333  1
124:   0.2709  0.4026  0.3266  1
125:   0.0000  1.0000  0.0000  1
126:   0.2851  0.2845  0.4304  1
127:   0.2416  0.4344  0.3240  1
128:   0.3225  0.2868  0.3907  1
129:   0.7931  0.2069  0.0000  1
130:   1.0000  0.0000  0.0000  1
131:   0.1587  0.8413  0.0000  1
132:   0.4321  0.0000  0.5679  1
133:   0.0000  0.0000  1.0000  1
134:   0.2646  0.3070  0.4284  1
135:   0.3041  0.4500  0.2459  1
136:   0.1292  0.5672  0.3035  1
137:   0.0000  1.0000  0.0000  1
138:   0.2926  0.2354  0.4720  1
139:   1.0000  0.0000  0.0000  1
140:   0.0000  1.0000  0.0000  1
141:   0.4237  0.2992  0.2771  1
142:   0.6367  0.1028  0.2606  1
143:   1.0000  0.0000  0.0000  1
144:   0.5403  0.0000  0.4597  1
145:   0.0000  0.3361  0.6639  1
146:   0.7286  0.2714  0.0000  1
147:   0.6887  0.0000  0.3113  1
148:   0.5433  0.2643  0.1924  1
149:   0.2627  0.0000  0.7373  1
150:   0.0000  0.0000  1.0000  1
151:   0.1849  0.3402  0.4749  1
152:   0.2920  0.3905  0.3174  1
153:   0.0000  0.2783  0.7217  1
154:   0.4406  0.4176  0.1417  1
155:   0.2192  0.3755  0.4053  1
156:   0.3733  0.3280  0.2987  1
157:   0.0000  1.0000  0.0000  1
158:   0.0000  0.5137  0.4863  1
159:   0.5913  0.0002  0.4085  1
160:   0.0768  0.2340  0.6893  1
161:   0.0000  0.4112  0.5888  1
162:   0.5399  0.4601  0.0000  1
163:   0.5142  0.3736  0.1121  1
164:   0.0909  0.6578  0.2513  1
165:   0.1101  0.3832  0.5066  1
166:   0.3755  0.5185  0.1060  1
167:   0.0161  0.5773  0.4066  1
168:   0.5014  0.4986  0.0000  1
169:   0.4091  0.5909  0.0000  1
170:   0.3237  0.2757  0.4006  1
171:   0.4849  0.3679  0.1473  1
172:   0.0000  0.8775  0.1225  1
173:   1.0000  0.0000  0.0000  1
174:   0.6185  0.3815  0.0000  1
175:   0.2737  0.7263  0.0000  1
176:   0.6419  0.3581  0.0000  1
177:   0.3868  0.3774  0.2358  1
178:   0.2584  0.7416  0.0000  1
179:   0.4753  0.5247  0.0000  1
180:   0.0000  1.0000  0.0000  1
181:   0.6450  0.3015  0.0535  1
182:   0.9999  0.0001  0.0000  1
183:   0.1929  0.7222  0.0849  1
184:   0.0000  1.0000  0.0000  1
185:   0.0000  0.7610  0.2390  1
186:   0.7742  0.0000  0.2258  1
187:   0.6404  0.3596  0.0000  1
188:   0.3129  0.5041  0.1830  1
189:   0.5087  0.3278  0.1634  1
190:   0.5089  0.4911  0.0000  1
191:   0.8191  0.0000  0.1809  1
192:   0.0575  0.4917  0.4508  1
193:   0.1343  0.6914  0.1743  1
194:   0.4981  0.5019  0.0000  1
195:   0.3015  0.1260  0.5725  1
196:   0.5376  0.0000  0.4624  1
197:   0.0000  0.0000  1.0000  1
198:   0.0000  0.1526  0.8474  1
199:   0.0000  0.0000  1.0000  1
200:   0.3283  0.3440  0.3277  1
201:   0.0000  0.7651  0.2349  1
202:   0.0000  0.3177  0.6823  1
203:   0.0000  1.0000  0.0000  1
204:   0.0000  0.0000  1.0000  1
205:   0.3934  0.2642  0.3424  1
206:   0.7605  0.0000  0.2395  1
207:   0.0000  0.4599  0.5401  1
208:   0.0000  0.0000  1.0000  1
209:   0.0000  0.0000  1.0000  1
210:   0.0000  0.0000  1.0000  1
211:   0.2041  0.0000  0.7959  1
212:   0.2656  0.5761  0.1583  1
213:   1.0000  0.0000  0.0000  1
214:   0.5543  0.0000  0.4457  1
215:   0.3955  0.3889  0.2156  1
216:   0.0000  0.0000  1.0000  1
217:   0.0000  0.5954  0.4046  1
218:   1.0000  0.0000  0.0000  1
219:   0.4038  0.0000  0.5962  1
220:   0.0000  1.0000  0.0000  1
221:   0.0000  1.0000  0.0000  1
222:   0.0000  0.0000  1.0000  1
223:   0.0000  1.0000  0.0000  1
224:   0.8143  0.0558  0.1300  1
225:   0.0000  1.0000  0.0000  1
226:   0.3782  0.0000  0.6218  1
227:   0.1722  0.0000  0.8278  1
228:   0.3187  0.4869  0.1945  1
229:   0.5616  0.0000  0.4384  1
230:   1.0000  0.0000  0.0000  1
231:   0.0000  1.0000  0.0000  1
232:   0.0000  0.0000  1.0000  1
233:   0.4249  0.0000  0.5751  1
234:   0.4043  0.3854  0.2103  1
235:   0.3976  0.6024  0.0000  1
236:   0.0000  0.0000  1.0000  1
237:   1.0000  0.0000  0.0000  1
238:   0.0886  0.3333  0.5781  1
239:   0.2584  0.2885  0.4531  1
240:   0.5185  0.1536  0.3279  1
241:   0.0000  0.0000  1.0000  1
242:   0.0000  1.0000  0.0000  1
243:   0.2559  0.1731  0.5711  1
244:   0.2856  0.0000  0.7144  1
245:   0.0000  0.6279  0.3721  1
246:   0.7560  0.0000  0.2440  1
247:   0.0000  0.7150  0.2850  1
248:   0.2403  0.4271  0.3325  1
249:   0.0000  0.8097  0.1903  1
250:   0.2539  0.3753  0.3708  1
251:   1.0000  0.0000  0.0000  1
252:   0.0000  0.5430  0.4570  1
253:   0.5023  0.0253  0.4723  1
254:   1.0000  0.0000  0.0000  1
255:   1.0000  0.0000  0.0000  1
256:   0.0000  0.0000  1.0000  1
257:   0.6015  0.0000  0.3985  1
258:   0.6606  0.0000  0.3394  1
259:   0.0000  0.0000  1.0000  1
260:   0.0000  0.0000  1.0000  1
261:   0.3988  0.3169  0.2843  1
262:   0.0000  0.4811  0.5189  1

