  1:   0.0000  1.0000  0.0000  0.0000  1
  2:   1.0000  0.0000  0.0000  0.0000  1
  3:   1.0000  0.0000  0.0000  0.0000  1
  4:   1.0000  0.0000  0.0000  0.0000  1
  5:   1.0000  0.0000  0.0000  0.0000  1
  6:   0.0000  0.0000  0.4771  0.5229  1
  7:   0.0000  0.0000  0.9699  0.0301  1
  8:   0.8802  0.0275  0.0000  0.0923  1
  9:   1.0000  0.0000  0.0000  0.0000  1
 10:   0.0000  0.0000  0.0000  1.0000  1
 11:   1.0000  0.0000  0.0000  0.0000  1
 12:   1.0000  0.0000  0.0000  0.0000  1
 13:   1.0000  0.0000  0.0000  0.0000  1
 14:   0.0000  0.0000  0.5678  0.4322  1
 15:   1.0000  0.0000  0.0000  0.0000  1
 16:   0.0000  0.0000  0.9092  0.0908  1
 17:   1.0000  0.0000  0.0000  0.0000  1
 18:   1.0000  0.0000  0.0000  0.0000  1
 19:   0.0000  0.0000  0.9693  0.0307  1
 20:   1.0000  0.0000  0.0000  0.0000  1
 21:   1.0000  0.0000  0.0000  0.0000  1
 22:   1.0000  0.0000  0.0000  0.0000  1
 23:   0.0000  0.0000  0.7642  0.2358  1
 24:   0.0000  0.0000  0.9886  0.0114  1
 25:   0.9208  0.0792  0.0000  0.0000  1
 26:   0.0000  0.0000  0.0509  0.9491  1
 27:   1.0000  0.0000  0.0000  0.0000  1
 28:   0.0000  0.0000  0.8505  0.1495  1
 29:   1.0000  0.0000  0.0000  0.0000  1
 30:   1.0000  0.0000  0.0000  0.0000  1
 31:   0.0000  1.0000  0.0000  0.0000  1
 32:   0.0000  0.0000  0.0000  1.0000  1
 33:   0.1101  0.0000  0.6745  0.2155  1
 34:   0.0000  0.0000  0.0000  1.0000  1
 35:   0.0249  0.0000  0.9390  0.0361  1
 36:   0.0000  0.0000  0.0496  0.9504  1
 37:   0.0821  0.0000  0.3150  0.6028  1
 38:   1.0000  0.0000  0.0000  0.0000  1
 39:   0.0000  0.0753  0.8255  0.0991  1
 40:   0.9096  0.0000  0.0000  0.0904  1
 41:   1.0000  0.0000  0.0000  0.0000  1
 42:   1.0000  0.0000  0.0000  0.0000  1
 43:   0.9584  0.0124  0.0255  0.0038  1
 44:   0.1483  0.0000  0.1238  0.7279  1
 45:   0.0000  0.0406  0.2568  0.7025  1
 46:   1.0000  0.0000  0.0000  0.0000  1
 47:   0.0000  0.0783  0.9148  0.0069  1
 48:   0.0000  0.0000  0.2464  0.7536  1
 49:   0.0000  0.0457  0.9543  0.0000  1
 50:   0.0000  0.0000  0.6311  0.3689  1
 51:   1.0000  0.0000  0.0000  0.0000  1
 52:   1.0000  0.0000  0.0000  0.0000  1
 53:   0.0000  0.0000  0.0000  1.0000  1
 54:   0.0000  1.0000  0.0000  0.0000  1
 55:   0.0000  0.0000  1.0000  0.0000  1
 56:   0.0000  1.0000  0.0000  0.0000  1
 57:   0.0000  0.0000  0.0000  1.0000  1
 58:   0.0553  0.0044  0.5073  0.4331  1
 59:   0.9993  0.0007  0.0000  0.0000  1
 60:   0.0000  0.0000  0.0852  0.9148  1
 61:   0.0000  0.0000  0.0000  1.0000  1
 62:   1.0000  0.0000  0.0000  0.0000  1
 63:   0.0000  0.0426  0.5234  0.4339  1
 64:   0.0000  0.0000  0.8178  0.1822  1
 65:   0.0000  0.1067  0.0000  0.8933  1
 66:   1.0000  0.0000  0.0000  0.0000  1
 67:   0.0000  0.8921  0.0000  0.1079  1
 68:   0.0000  1.0000  0.0000  0.0000  1
 69:   0.0000  0.0000  0.0000  1.0000  1
 70:   0.0000  0.0000  0.0000  1.0000  1
 71:   1.0000  0.0000  0.0000  0.0000  1
 72:   0.8759  0.1241  0.0000  0.0000  1
 73:   0.9469  0.0000  0.0531  0.0000  1
 74:   0.0000  0.0410  0.0000  0.9590  1
 75:   0.0000  0.0000  0.2373  0.7627  1
 76:   0.0000  0.0000  0.0000  1.0000  1
 77:   0.9441  0.0047  0.0000  0.0511  1
 78:   0.0000  1.0000  0.0000  0.0000  1
 79:   0.0000  0.0000  0.0000  1.0000  1
 80:   1.0000  0.0000  0.0000  0.0000  1
 81:   0.0000  1.0000  0.0000  0.0000  1
 82:   0.0000  0.0000  1.0000  0.0000  1
 83:   0.0721  0.0000  0.7310  0.1969  1
 84:   0.0000  0.0030  0.0000  0.9970  1
 85:   0.0000  0.0000  0.1965  0.8035  1
 86:   0.0000  0.0000  1.0000  0.0000  1
 87:   0.8012  0.0000  0.0000  0.1988  1
 88:   0.0000  0.0000  1.0000  0.0000  1
 89:   0.0000  0.0000  0.0000  1.0000  1
 90:   1.0000  0.0000  0.0000  0.0000  1
 91:   0.0000  0.0000  0.7743  0.2257  1
 92:   0.0000  0.0000  0.7742  0.2258  1
 93:   0.0000  1.0000  0.0000  0.0000  1
 94:   0.0000  1.0000  0.0000  0.0000  1
 95:   0.1327  0.0912  0.7761  0.0000  1
 96:   1.0000  0.0000  0.0000  0.0000  1
 97:   0.1591  0.0000  0.5968  0.2441  1
 98:   0.1345  0.0000  0.4435  0.4220  1
 99:   0.4075  0.0114  0.5811  0.0000  1
100:   0.5115  0.3556  0.0000  0.1329  1
101:   0.8279  0.0000  0.0000  0.1721  1
102:   0.9999  0.0001  0.0000  0.0000  1
103:   0.0000  0.0512  0.6473  0.3015  1
104:   0.5802  0.3267  0.0931  0.0000  1
105:   0.8144  0.0000  0.1167  0.0689  1
106:   1.0000  0.0000  0.0000  0.0000  1
107:   0.8351  0.0000  0.0000  0.1649  1
108:   0.9509  0.0491  0.0000  0.0000  1
109:   0.0000  0.0000  0.3076  0.6924  1
110:   0.9648  0.0352  0.0000  0.0000  1
111:   0.9720  0.0000  0.0280  0.0000  1
112:   0.0000  0.0000  0.8096  0.1904  1
113:   0.1689  0.0000  0.7235  0.1076  1
114:   0.1978  0.0816  0.3564  0.3643  1
115:   0.0407  0.0000  0.6130  0.3464  1
116:   0.5852  0.1802  0.0000  0.2346  1
117:   0.8264  0.1736  0.0000  0.0000  1
118:   0.0017  0.0056  0.9923  0.0005  1
119:   0.8526  0.1474  0.0000  0.0000  1
120:   0.7736  0.2264  0.0000  0.0000  1
121:   0.9708  0.0000  0.0000  0.0292  1
122:   0.8012  0.0000  0.0000  0.1988  1
123:   0.7083  0.2917  0.0000  0.0000  1
124:   0.0000  0.0000  0.2817  0.7183  1
125:   0.0130  0.0000  0.7837  0.2034  1
126:   1.0000  0.0000  0.0000  0.0000  1
127:   0.0000  0.0000  1.0000  0.0000  1
128:   0.0000  1.0000  0.0000  0.0000  1
129:   1.0000  0.0000  0.0000  0.0000  1
130:   0.0000  0.8840  0.1160  0.0000  1
131:   1.0000  0.0000  0.0000  0.0000  1
132:   0.0000  0.0000  0.0801  0.9199  1
133:   0.2166  0.7834  0.0000  0.0000  1
134:   0.1691  0.8242  0.0000  0.0067  1
135:   0.8104  0.0393  0.0000  0.1503  1
136:   0.0000  1.0000  0.0000  0.0000  1
137:   1.0000  0.0000  0.0000  0.0000  1
138:   0.0000  0.0000  0.8420  0.1580  1
139:   0.0000  0.9997  0.0003  0.0000  1
140:   0.8534  0.1164  0.0302  0.0000  1
141:   0.0000  0.0006  0.0000  0.9994  1
142:   0.0000  0.9037  0.0963  0.0000  1
143:   0.5439  0.3930  0.0000  0.0630  1
144:   0.0000  1.0000  0.0000  0.0000  1
145:   0.0000  1.0000  0.0000  0.0000  1
146:   0.0000  0.1229  0.8771  0.0000  1
147:   0.0639  0.0000  0.3029  0.6332  1
148:   0.0000  0.8418  0.0000  0.1582  1
149:   0.6674  0.3326  0.0000  0.0000  1
150:   0.8700  0.0534  0.0000  0.0766  1
151:   0.0200  0.0000  0.9800  0.0000  1
152:   0.6466  0.0935  0.0152  0.2447  1
153:   0.9556  0.0444  0.0000  0.0000  1
154:   0.8268  0.1732  0.0000  0.0000  1
155:   0.8510  0.1174  0.0315  0.0000  1
156:   0.8285  0.1715  0.0000  0.0000  1
157:   0.9236  0.0000  0.0000  0.0764  1
158:   0.0000  0.0000  1.0000  0.0000  1
159:   0.7052  0.0000  0.2672  0.0275  1
160:   0.0000  1.0000  0.0000  0.0000  1
161:   0.2236  0.0000  0.3383  0.4381  1
162:   0.0000  0.0000  0.9428  0.0572  1
163:   0.0000  1.0000  0.0000  0.0000  1
164:   0.0000  1.0000  0.0000  0.0000  1
165:   0.2023  0.0106  0.5563  0.2308  1
166:   1.0000  0.0000  0.0000  0.0000  1
167:   0.5099  0.0000  0.0000  0.4901  1
168:   0.0000  0.1424  0.2275  0.6301  1
169:   0.8621  0.1244  0.0000  0.0134  1
170:   0.1588  0.0000  0.5061  0.3352  1
171:   0.5828  0.0000  0.0000  0.4172  1
172:   0.9397  0.0000  0.0603  0.0000  1
173:   0.0903  0.9097  0.0000  0.0000  1
174:   1.0000  0.0000  0.0000  0.0000  1
175:   0.8426  0.1574  0.0000  0.0000  1
176:   0.5494  0.1578  0.1617  0.1312  1
177:   0.0000  1.0000  0.0000  0.0000  1
178:   0.3935  0.1937  0.0000  0.4128  1
179:   0.8284  0.0000  0.0000  0.1716  1
180:   0.6646  0.0000  0.0000  0.3354  1
181:   0.9237  0.0763  0.0000  0.0000  1
182:   1.0000  0.0000  0.0000  0.0000  1
183:   0.0000  1.0000  0.0000  0.0000  1
184:   0.0027  0.4434  0.4869  0.0669  1
185:   0.9998  0.0002  0.0000  0.0000  1
186:   0.9159  0.0000  0.0000  0.0841  1
187:   0.0705  0.0000  0.0000  0.9295  1
188:   0.0000  0.3045  0.0868  0.6087  1
189:   0.0000  0.0000  0.6537  0.3463  1
190:   0.6332  0.1671  0.0000  0.1998  1
191:   0.0000  1.0000  0.0000  0.0000  1
192:   0.0000  0.0000  0.5437  0.4563  1
193:   0.0000  1.0000  0.0000  0.0000  1
194:   0.4499  0.0109  0.0000  0.5392  1
195:   0.0000  0.0000  0.8537  0.1463  1
196:   1.0000  0.0000  0.0000  0.0000  1
197:   0.0000  0.4438  0.5562  0.0000  1
198:   0.9630  0.0370  0.0000  0.0000  1
199:   0.5121  0.0000  0.0435  0.4444  1
200:   0.1395  0.0000  0.8605  0.0000  1
201:   0.0000  0.2302  0.1859  0.5839  1
202:   0.0000  1.0000  0.0000  0.0000  1
203:   0.0000  1.0000  0.0000  0.0000  1
204:   0.0000  1.0000  0.0000  0.0000  1
205:   0.0000  1.0000  0.0000  0.0000  1
206:   0.1726  0.0000  0.7350  0.0925  1
207:   0.7400  0.0000  0.2600  0.0000  1
208:   0.0000  0.7033  0.2967  0.0000  1
209:   1.0000  0.0000  0.0000  0.0000  1
210:   0.0000  1.0000  0.0000  0.0000  1
211:   0.0000  0.8356  0.0000  0.1644  1
212:   0.0000  0.0000  1.0000  0.0000  1
213:   0.0000  1.0000  0.0000  0.0000  1
214:   0.0000  0.0002  0.7746  0.2252  1
215:   0.0019  0.9981  0.0000  0.0000  1
216:   0.0000  0.0000  0.3374  0.6626  1
217:   0.0000  1.0000  0.0000  0.0000  1
218:   0.0000  0.0000  0.3843  0.6157  1
219:   0.3951  0.0004  0.0000  0.6045  1
220:   0.2924  0.6676  0.0000  0.0400  1
221:   0.0000  1.0000  0.0000  0.0000  1
222:   0.0000  1.0000  0.0000  0.0000  1
223:   0.9348  0.0558  0.0000  0.0094  1
224:   0.0000  1.0000  0.0000  0.0000  1
225:   0.0000  1.0000  0.0000  0.0000  1
226:   0.0000  0.9800  0.0000  0.0200  1
227:   0.0000  0.9967  0.0006  0.0027  1
228:   0.0674  0.0000  0.9236  0.0089  1
229:   0.0143  0.0000  0.9857  0.0000  1
230:   0.6585  0.3129  0.0000  0.0285  1
