  1:   0.1219  0.8781  1
  2:   0.0000  1.0000  1
  3:   0.0000  1.0000  1
  4:   0.0000  1.0000  1
  5:   0.0000  1.0000  1
  6:   1.0000  0.0000  1
  7:   0.9002  0.0998  1
  8:   0.0000  1.0000  1
  9:   0.0000  1.0000  1
 10:   1.0000  0.0000  1
 11:   0.0000  1.0000  1
 12:   0.0000  1.0000  1
 13:   0.0000  1.0000  1
 14:   1.0000  0.0000  1
 15:   0.0000  1.0000  1
 16:   1.0000  0.0000  1
 17:   0.0000  1.0000  1
 18:   0.0000  1.0000  1
 19:   0.9689  0.0311  1
 20:   0.0000  1.0000  1
 21:   0.0000  1.0000  1
 22:   0.0000  1.0000  1
 23:   1.0000  0.0000  1
 24:   0.9557  0.0443  1
 25:   0.0000  1.0000  1
 26:   1.0000  0.0000  1
 27:   0.0000  1.0000  1
 28:   0.9517  0.0483  1
 29:   0.0000  1.0000  1
 30:   0.0000  1.0000  1
 31:   0.1243  0.8757  1
 32:   0.9773  0.0227  1
 33:   0.8385  0.1615  1
 34:   1.0000  0.0000  1
 35:   0.9116  0.0884  1
 36:   1.0000  0.0000  1
 37:   0.9146  0.0854  1
 38:   0.0000  1.0000  1
 39:   0.9868  0.0132  1
 40:   0.0000  1.0000  1
 41:   0.0000  1.0000  1
 42:   0.0000  1.0000  1
 43:   0.0098  0.9902  1
 44:   0.8445  0.1555  1
 45:   1.0000  0.0000  1
 46:   0.0000  1.0000  1
 47:   0.9202  0.0798  1
 48:   1.0000  0.0000  1
 49:   0.9161  0.0839  1
 50:   0.9773  0.0227  1
 51:   0.0000  1.0000  1
 52:   0.0000  1.0000  1
 53:   0.9661  0.0339  1
 54:   0.3177  0.6823  1
 55:   1.0000  0.0000  1
 56:   0.1608  0.8392  1
 57:   1.0000  0.0000  1
 58:   0.9243  0.0757  1
 59:   0.0000  1.0000  1
 60:   1.0000  0.0000  1
 61:   1.0000  0.0000  1
 62:   0.0000  1.0000  1
 63:   0.9696  0.0304  1
 64:   1.0000  0.0000  1
 65:   0.9039  0.0961  1
 66:   0.0000  1.0000  1
 67:   0.3218  0.6782  1
 68:   0.1658  0.8342  1
 69:   1.0000  0.0000  1
 70:   0.9669  0.0331  1
 71:   0.0000  1.0000  1
 72:   0.0144  0.9856  1
 73:   0.0000  1.0000  1
 74:   0.9210  0.0790  1
 75:   1.0000  0.0000  1
 76:   1.0000  0.0000  1
 77:   0.0000  1.0000  1
 78:   0.0974  0.9026  1
 79:   1.0000  0.0000  1
 80:   0.0000  1.0000  1
 81:   0.0820  0.9180  1
 82:   1.0000  0.0000  1
 83:   0.8708  0.1292  1
 84:   0.9452  0.0548  1
 85:   1.0000  0.0000  1
 86:   0.9254  0.0746  1
 87:   0.0000  1.0000  1
 88:   0.9474  0.0526  1
 89:   1.0000  0.0000  1
 90:   0.0000  1.0000  1
 91:   1.0000  0.0000  1
 92:   1.0000  0.0000  1
 93:   0.1183  0.8817  1
 94:   0.2838  0.7162  1
 95:   0.7321  0.2679  1
 96:   0.0000  1.0000  1
 97:   0.8287  0.1713  1
 98:   0.8519  0.1481  1
 99:   0.4807  0.5193  1
100:   0.1673  0.8327  1
101:   0.0401  0.9599  1
102:   0.0000  1.0000  1
103:   1.0000  0.0000  1
104:   0.0844  0.9156  1
105:   0.1942  0.8058  1
106:   0.0000  1.0000  1
107:   0.0120  0.9880  1
108:   0.0000  1.0000  1
109:   1.0000  0.0000  1
110:   0.0000  1.0000  1
111:   0.0423  0.9577  1
112:   1.0000  0.0000  1
113:   0.7552  0.2448  1
114:   0.7000  0.3000  1
115:   0.9296  0.0704  1
116:   0.1848  0.8152  1
117:   0.0000  1.0000  1
118:   0.9411  0.0589  1
119:   0.0000  1.0000  1
120:   0.0000  1.0000  1
121:   0.0362  0.9638  1
122:   0.0610  0.9390  1
123:   0.0000  1.0000  1
124:   1.0000  0.0000  1
125:   0.9185  0.0815  1
126:   0.0000  1.0000  1
127:   1.0000  0.0000  1
128:   0.1001  0.8999  1
129:   0.0000  1.0000  1
130:   0.1055  0.8945  1
131:   0.0000  1.0000  1
132:   1.0000  0.0000  1
133:   0.0963  0.9037  1
134:   0.0524  0.9476  1
135:   0.0616  0.9384  1
136:   0.0000  1.0000  1
137:   0.0000  1.0000  1
138:   1.0000  0.0000  1
139:   0.1943  0.8057  1
140:   0.0000  1.0000  1
141:   1.0000  0.0000  1
142:   0.3620  0.6380  1
143:   0.0000  1.0000  1
144:   0.0000  1.0000  1
145:   0.0785  0.9215  1
146:   1.0000  0.0000  1
147:   0.9777  0.0223  1
148:   0.5572  0.4428  1
149:   0.0000  1.0000  1
150:   0.0000  1.0000  1
151:   0.7580  0.2420  1
152:   0.2525  0.7475  1
153:   0.0000  1.0000  1
154:   0.0000  1.0000  1
155:   0.0284  0.9716  1
156:   0.0000  1.0000  1
157:   0.0000  1.0000  1
158:   0.7627  0.2373  1
159:   0.2207  0.7793  1
160:   0.0720  0.9280  1
161:   0.7650  0.2350  1
162:   0.8563  0.1437  1
163:   0.0004  0.9996  1
164:   0.0563  0.9437  1
165:   0.6992  0.3008  1
166:   0.0000  1.0000  1
167:   0.1997  0.8003  1
168:   1.0000  0.0000  1
169:   0.0000  1.0000  1
170:   0.8283  0.1717  1
171:   0.2368  0.7632  1
172:   0.0473  0.9527  1
173:   0.0000  1.0000  1
174:   0.0000  1.0000  1
175:   0.0000  1.0000  1
176:   0.3159  0.6841  1
177:   0.0000  1.0000  1
178:   0.2686  0.7314  1
179:   0.0732  0.9268  1
180:   0.2756  0.7244  1
181:   0.0000  1.0000  1
182:   0.0000  1.0000  1
183:   0.0000  1.0000  1
184:   0.5847  0.4153  1
185:   0.0000  1.0000  1
186:   0.0000  1.0000  1
187:   0.9151  0.0849  1
188:   1.0000  0.0000  1
189:   1.0000  0.0000  1
190:   0.0000  1.0000  1
191:   0.2363  0.7637  1
192:   1.0000  0.0000  1
193:   0.1007  0.8993  1
194:   0.1514  0.8486  1
195:   0.9530  0.0470  1
196:   0.0000  1.0000  1
197:   0.1975  0.8025  1
198:   0.0000  1.0000  1
199:   0.5538  0.4462  1
200:   0.3407  0.6593  1
201:   0.8670  0.1330  1
202:   0.3265  0.6735  1
203:   0.0000  1.0000  1
204:   0.2943  0.7057  1
205:   0.3151  0.6849  1
206:   0.8420  0.1580  1
207:   0.2091  0.7909  1
208:   0.3303  0.6697  1
209:   0.0000  1.0000  1
210:   0.0000  1.0000  1
211:   0.1880  0.8120  1
212:   1.0000  0.0000  1
213:   0.0003  0.9997  1
214:   1.0000  0.0000  1
215:   0.0000  1.0000  1
216:   1.0000  0.0000  1
217:   0.6622  0.3378  1
218:   1.0000  0.0000  1
219:   0.4084  0.5916  1
220:   0.1127  0.8873  1
221:   0.0000  1.0000  1
222:   0.2137  0.7863  1
223:   0.0000  1.0000  1
224:   0.2370  0.7630  1
225:   0.4660  0.5340  1
226:   0.3912  0.6088  1
227:   0.5248  0.4752  1
228:   1.0000  0.0000  1
229:   0.9790  0.0210  1
230:   0.0000  1.0000  1

  1:   0.1243  0.8757  1
  2:   0.0000  1.0000  1
  3:   0.0000  1.0000  1
  4:   0.0000  1.0000  1
  5:   0.0000  1.0000  1
  6:   1.0000  0.0000  1
  7:   0.9002  0.0998  1
  8:   0.0000  1.0000  1
  9:   0.0000  1.0000  1
 10:   1.0000  0.0000  1
 11:   0.0000  1.0000  1
 12:   0.0000  1.0000  1
 13:   0.0000  1.0000  1
 14:   1.0000  0.0000  1
 15:   0.0000  1.0000  1
 16:   1.0000  0.0000  1
 17:   0.0000  1.0000  1
 18:   0.0000  1.0000  1
 19:   0.9685  0.0315  1
 20:   0.0000  1.0000  1
 21:   0.0000  1.0000  1
 22:   0.0000  1.0000  1
 23:   1.0000  0.0000  1
 24:   0.9558  0.0442  1
 25:   0.0000  1.0000  1
 26:   1.0000  0.0000  1
 27:   0.0000  1.0000  1
 28:   0.9516  0.0484  1
 29:   0.0000  1.0000  1
 30:   0.0000  1.0000  1
 31:   0.1247  0.8753  1
 32:   0.9778  0.0222  1
 33:   0.8388  0.1612  1
 34:   1.0000  0.0000  1
 35:   0.9110  0.0890  1
 36:   1.0000  0.0000  1
 37:   0.9147  0.0853  1
 38:   0.0000  1.0000  1
 39:   0.9869  0.0131  1
 40:   0.0000  1.0000  1
 41:   0.0000  1.0000  1
 42:   0.0000  1.0000  1
 43:   0.0098  0.9902  1
 44:   0.8443  0.1557  1
 45:   1.0000  0.0000  1
 46:   0.0000  1.0000  1
 47:   0.9202  0.0798  1
 48:   1.0000  0.0000  1
 49:   0.9163  0.0837  1
 50:   0.9774  0.0226  1
 51:   0.0000  1.0000  1
 52:   0.0000  1.0000  1
 53:   0.9661  0.0339  1
 54:   0.3191  0.6809  1
 55:   1.0000  0.0000  1
 56:   0.1613  0.8387  1
 57:   1.0000  0.0000  1
 58:   0.9239  0.0761  1
 59:   0.0000  1.0000  1
 60:   1.0000  0.0000  1
 61:   1.0000  0.0000  1
 62:   0.0000  1.0000  1
 63:   0.9700  0.0300  1
 64:   1.0000  0.0000  1
 65:   0.9041  0.0959  1
 66:   0.0000  1.0000  1
 67:   0.3229  0.6771  1
 68:   0.1685  0.8315  1
 69:   1.0000  0.0000  1
 70:   0.9670  0.0330  1
 71:   0.0000  1.0000  1
 72:   0.0147  0.9853  1
 73:   0.0000  1.0000  1
 74:   0.9224  0.0776  1
 75:   1.0000  0.0000  1
 76:   1.0000  0.0000  1
 77:   0.0000  1.0000  1
 78:   0.1044  0.8956  1
 79:   1.0000  0.0000  1
 80:   0.0000  1.0000  1
 81:   0.0827  0.9173  1
 82:   1.0000  0.0000  1
 83:   0.8709  0.1291  1
 84:   0.9453  0.0547  1
 85:   1.0000  0.0000  1
 86:   0.9253  0.0747  1
 87:   0.0000  1.0000  1
 88:   0.9475  0.0525  1
 89:   1.0000  0.0000  1
 90:   0.0000  1.0000  1
 91:   1.0000  0.0000  1
 92:   1.0000  0.0000  1
 93:   0.1204  0.8796  1
 94:   0.2863  0.7137  1
 95:   0.7326  0.2674  1
 96:   0.0000  1.0000  1
 97:   0.8281  0.1719  1
 98:   0.8520  0.1480  1
 99:   0.4807  0.5193  1
100:   0.1675  0.8325  1
101:   0.0401  0.9599  1
102:   0.0000  1.0000  1
103:   1.0000  0.0000  1
104:   0.0845  0.9155  1
105:   0.1941  0.8059  1
106:   0.0000  1.0000  1
107:   0.0122  0.9878  1
108:   0.0000  1.0000  1
109:   1.0000  0.0000  1
110:   0.0000  1.0000  1
111:   0.0422  0.9578  1
112:   1.0000  0.0000  1
113:   0.7550  0.2450  1
114:   0.7001  0.2999  1
115:   0.9296  0.0704  1
116:   0.1849  0.8151  1
117:   0.0000  1.0000  1
118:   0.9412  0.0588  1
119:   0.0000  1.0000  1
120:   0.0000  1.0000  1
121:   0.0362  0.9638  1
122:   0.0612  0.9388  1
123:   0.0000  1.0000  1
124:   1.0000  0.0000  1
125:   0.9167  0.0833  1
126:   0.0000  1.0000  1
127:   1.0000  0.0000  1
128:   0.1012  0.8988  1
129:   0.0000  1.0000  1
130:   0.1061  0.8939  1
131:   0.0000  1.0000  1
132:   1.0000  0.0000  1
133:   0.0968  0.9032  1
134:   0.0629  0.9371  1
135:   0.0616  0.9384  1
136:   0.0000  1.0000  1
137:   0.0000  1.0000  1
138:   1.0000  0.0000  1
139:   0.1946  0.8054  1
140:   0.0001  0.9999  1
141:   1.0000  0.0000  1
142:   0.3630  0.6370  1
143:   0.0000  1.0000  1
144:   0.0000  1.0000  1
145:   0.0786  0.9214  1
146:   1.0000  0.0000  1
147:   0.9739  0.0261  1
148:   0.5584  0.4416  1
149:   0.0000  1.0000  1
150:   0.0000  1.0000  1
151:   0.7580  0.2420  1
152:   0.2528  0.7472  1
153:   0.0000  1.0000  1
154:   0.0000  1.0000  1
155:   0.0284  0.9716  1
156:   0.0000  1.0000  1
157:   0.0000  1.0000  1
158:   0.7626  0.2374  1
159:   0.2206  0.7794  1
160:   0.0723  0.9277  1
161:   0.7651  0.2349  1
162:   0.8559  0.1441  1
163:   0.0016  0.9984  1
164:   0.0586  0.9414  1
165:   0.6994  0.3006  1
166:   0.0000  1.0000  1
167:   0.1999  0.8001  1
168:   1.0000  0.0000  1
169:   0.0000  1.0000  1
170:   0.8282  0.1718  1
171:   0.2370  0.7630  1
172:   0.0473  0.9527  1
173:   0.0000  1.0000  1
174:   0.0000  1.0000  1
175:   0.0000  1.0000  1
176:   0.3160  0.6840  1
177:   0.0000  1.0000  1
178:   0.2687  0.7313  1
179:   0.0737  0.9263  1
180:   0.2756  0.7244  1
181:   0.0000  1.0000  1
182:   0.0000  1.0000  1
183:   0.0000  1.0000  1
184:   0.5850  0.4150  1
185:   0.0000  1.0000  1
186:   0.0000  1.0000  1
187:   0.9151  0.0849  1
188:   1.0000  0.0000  1
189:   1.0000  0.0000  1
190:   0.0000  1.0000  1
191:   0.2450  0.7550  1
192:   1.0000  0.0000  1
193:   0.1114  0.8886  1
194:   0.1523  0.8477  1
195:   0.9530  0.0470  1
196:   0.0000  1.0000  1
197:   0.1981  0.8019  1
198:   0.0000  1.0000  1
199:   0.5511  0.4489  1
200:   0.3404  0.6596  1
201:   0.8675  0.1325  1
202:   0.3290  0.6710  1
203:   0.0000  1.0000  1
204:   0.2969  0.7031  1
205:   0.3156  0.6844  1
206:   0.8432  0.1568  1
207:   0.2091  0.7909  1
208:   0.3309  0.6691  1
209:   0.0000  1.0000  1
210:   0.0000  1.0000  1
211:   0.1884  0.8116  1
212:   1.0000  0.0000  1
213:   0.0034  0.9966  1
214:   1.0000  0.0000  1
215:   0.0006  0.9994  1
216:   1.0000  0.0000  1
217:   0.6675  0.3325  1
218:   1.0000  0.0000  1
219:   0.4082  0.5918  1
220:   0.1133  0.8867  1
221:   0.0000  1.0000  1
222:   0.2247  0.7753  1
223:   0.0000  1.0000  1
224:   0.2373  0.7627  1
225:   0.4680  0.5320  1
226:   0.3918  0.6082  1
227:   0.5255  0.4745  1
228:   1.0000  0.0000  1
229:   0.9780  0.0220  1
230:   0.0003  0.9997  1

  1:   0.1222  0.8778  1
  2:   0.0000  1.0000  1
  3:   0.0000  1.0000  1
  4:   0.0000  1.0000  1
  5:   0.0000  1.0000  1
  6:   1.0000  0.0000  1
  7:   0.9003  0.0997  1
  8:   0.0000  1.0000  1
  9:   0.0000  1.0000  1
 10:   1.0000  0.0000  1
 11:   0.0000  1.0000  1
 12:   0.0000  1.0000  1
 13:   0.0000  1.0000  1
 14:   1.0000  0.0000  1
 15:   0.0000  1.0000  1
 16:   1.0000  0.0000  1
 17:   0.0000  1.0000  1
 18:   0.0000  1.0000  1
 19:   0.9688  0.0312  1
 20:   0.0000  1.0000  1
 21:   0.0000  1.0000  1
 22:   0.0000  1.0000  1
 23:   1.0000  0.0000  1
 24:   0.9552  0.0448  1
 25:   0.0000  1.0000  1
 26:   1.0000  0.0000  1
 27:   0.0000  1.0000  1
 28:   0.9515  0.0485  1
 29:   0.0000  1.0000  1
 30:   0.0000  1.0000  1
 31:   0.1245  0.8755  1
 32:   0.9774  0.0226  1
 33:   0.8386  0.1614  1
 34:   1.0000  0.0000  1
 35:   0.9116  0.0884  1
 36:   1.0000  0.0000  1
 37:   0.9146  0.0854  1
 38:   0.0000  1.0000  1
 39:   0.9868  0.0132  1
 40:   0.0000  1.0000  1
 41:   0.0000  1.0000  1
 42:   0.0000  1.0000  1
 43:   0.0099  0.9901  1
 44:   0.8442  0.1558  1
 45:   1.0000  0.0000  1
 46:   0.0000  1.0000  1
 47:   0.9202  0.0798  1
 48:   1.0000  0.0000  1
 49:   0.9158  0.0842  1
 50:   0.9771  0.0229  1
 51:   0.0000  1.0000  1
 52:   0.0000  1.0000  1
 53:   0.9662  0.0338  1
 54:   0.3179  0.6821  1
 55:   1.0000  0.0000  1
 56:   0.1610  0.8390  1
 57:   1.0000  0.0000  1
 58:   0.9240  0.0760  1
 59:   0.0000  1.0000  1
 60:   1.0000  0.0000  1
 61:   1.0000  0.0000  1
 62:   0.0000  1.0000  1
 63:   0.9696  0.0304  1
 64:   1.0000  0.0000  1
 65:   0.9039  0.0961  1
 66:   0.0000  1.0000  1
 67:   0.3219  0.6781  1
 68:   0.1662  0.8338  1
 69:   1.0000  0.0000  1
 70:   0.9669  0.0331  1
 71:   0.0000  1.0000  1
 72:   0.0146  0.9854  1
 73:   0.0000  1.0000  1
 74:   0.9214  0.0786  1
 75:   1.0000  0.0000  1
 76:   1.0000  0.0000  1
 77:   0.0000  1.0000  1
 78:   0.0984  0.9016  1
 79:   1.0000  0.0000  1
 80:   0.0000  1.0000  1
 81:   0.0823  0.9177  1
 82:   1.0000  0.0000  1
 83:   0.8705  0.1295  1
 84:   0.9452  0.0548  1
 85:   1.0000  0.0000  1
 86:   0.9254  0.0746  1
 87:   0.0000  1.0000  1
 88:   0.9473  0.0527  1
 89:   1.0000  0.0000  1
 90:   0.0000  1.0000  1
 91:   1.0000  0.0000  1
 92:   1.0000  0.0000  1
 93:   0.1186  0.8814  1
 94:   0.2841  0.7159  1
 95:   0.7321  0.2679  1
 96:   0.0000  1.0000  1
 97:   0.8290  0.1710  1
 98:   0.8517  0.1483  1
 99:   0.4780  0.5220  1
100:   0.1674  0.8326  1
101:   0.0401  0.9599  1
102:   0.0000  1.0000  1
103:   1.0000  0.0000  1
104:   0.0844  0.9156  1
105:   0.1942  0.8058  1
106:   0.0000  1.0000  1
107:   0.0121  0.9879  1
108:   0.0000  1.0000  1
109:   1.0000  0.0000  1
110:   0.0000  1.0000  1
111:   0.0423  0.9577  1
112:   1.0000  0.0000  1
113:   0.7551  0.2449  1
114:   0.7003  0.2997  1
115:   0.9295  0.0705  1
116:   0.1849  0.8151  1
117:   0.0000  1.0000  1
118:   0.9410  0.0590  1
119:   0.0000  1.0000  1
120:   0.0000  1.0000  1
121:   0.0361  0.9639  1
122:   0.0611  0.9389  1
123:   0.0000  1.0000  1
124:   1.0000  0.0000  1
125:   0.9183  0.0817  1
126:   0.0000  1.0000  1
127:   1.0000  0.0000  1
128:   0.1004  0.8996  1
129:   0.0000  1.0000  1
130:   0.1056  0.8944  1
131:   0.0000  1.0000  1
132:   1.0000  0.0000  1
133:   0.0964  0.9036  1
134:   0.0540  0.9460  1
135:   0.0617  0.9383  1
136:   0.0000  1.0000  1
137:   0.0000  1.0000  1
138:   1.0000  0.0000  1
139:   0.1942  0.8058  1
140:   0.0000  1.0000  1
141:   1.0000  0.0000  1
142:   0.3630  0.6370  1
143:   0.0000  1.0000  1
144:   0.0000  1.0000  1
145:   0.0785  0.9215  1
146:   1.0000  0.0000  1
147:   0.9770  0.0230  1
148:   0.5575  0.4425  1
149:   0.0000  1.0000  1
150:   0.0000  1.0000  1
151:   0.7576  0.2424  1
152:   0.2532  0.7468  1
153:   0.0000  1.0000  1
154:   0.0000  1.0000  1
155:   0.0284  0.9716  1
156:   0.0000  1.0000  1
157:   0.0000  1.0000  1
158:   0.7625  0.2375  1
159:   0.2206  0.7794  1
160:   0.0721  0.9279  1
161:   0.7631  0.2369  1
162:   0.8549  0.1451  1
163:   0.0007  0.9993  1
164:   0.0567  0.9433  1
165:   0.6989  0.3011  1
166:   0.0000  1.0000  1
167:   0.1997  0.8003  1
168:   1.0000  0.0000  1
169:   0.0000  1.0000  1
170:   0.8281  0.1719  1
171:   0.2372  0.7628  1
172:   0.0000  1.0000  1
173:   0.0000  1.0000  1
174:   0.0000  1.0000  1
175:   0.0000  1.0000  1
176:   0.3159  0.6841  1
177:   0.0000  1.0000  1
178:   0.2685  0.7315  1
179:   0.0731  0.9269  1
180:   0.2757  0.7243  1
181:   0.0000  1.0000  1
182:   0.0000  1.0000  1
183:   0.0000  1.0000  1
184:   0.5844  0.4156  1
185:   0.0000  1.0000  1
186:   0.0000  1.0000  1
187:   0.9153  0.0847  1
188:   1.0000  0.0000  1
189:   1.0000  0.0000  1
190:   0.0000  1.0000  1
191:   0.2379  0.7621  1
192:   1.0000  0.0000  1
193:   0.1023  0.8977  1
194:   0.1518  0.8482  1
195:   0.9529  0.0471  1
196:   0.0000  1.0000  1
197:   0.1976  0.8024  1
198:   0.0000  1.0000  1
199:   0.5569  0.4431  1
200:   0.3403  0.6597  1
201:   0.8668  0.1332  1
202:   0.3269  0.6731  1
203:   0.0000  1.0000  1
204:   0.2940  0.7060  1
205:   0.3148  0.6852  1
206:   0.8422  0.1578  1
207:   0.2090  0.7910  1
208:   0.3300  0.6700  1
209:   0.0000  1.0000  1
210:   0.0000  1.0000  1
211:   0.1882  0.8118  1
212:   1.0000  0.0000  1
213:   0.0009  0.9991  1
214:   1.0000  0.0000  1
215:   0.0001  0.9999  1
216:   1.0000  0.0000  1
217:   0.6671  0.3329  1
218:   1.0000  0.0000  1
219:   0.4083  0.5917  1
220:   0.1129  0.8871  1
221:   0.0000  1.0000  1
222:   0.2149  0.7851  1
223:   0.0000  1.0000  1
224:   0.2372  0.7628  1
225:   0.4664  0.5336  1
226:   0.3913  0.6087  1
227:   0.5245  0.4755  1
228:   1.0000  0.0000  1
229:   0.9792  0.0208  1
230:   0.0000  1.0000  1

  1:   0.1222  0.8778  1
  2:   0.0000  1.0000  1
  3:   0.0000  1.0000  1
  4:   0.0000  1.0000  1
  5:   0.0000  1.0000  1
  6:   1.0000  0.0000  1
  7:   0.9003  0.0997  1
  8:   0.0000  1.0000  1
  9:   0.0000  1.0000  1
 10:   1.0000  0.0000  1
 11:   0.0000  1.0000  1
 12:   0.0000  1.0000  1
 13:   0.0000  1.0000  1
 14:   1.0000  0.0000  1
 15:   0.0000  1.0000  1
 16:   1.0000  0.0000  1
 17:   0.0000  1.0000  1
 18:   0.0000  1.0000  1
 19:   0.9688  0.0312  1
 20:   0.0000  1.0000  1
 21:   0.0000  1.0000  1
 22:   0.0000  1.0000  1
 23:   1.0000  0.0000  1
 24:   0.9552  0.0448  1
 25:   0.0000  1.0000  1
 26:   1.0000  0.0000  1
 27:   0.0000  1.0000  1
 28:   0.9515  0.0485  1
 29:   0.0000  1.0000  1
 30:   0.0000  1.0000  1
 31:   0.1245  0.8755  1
 32:   0.9774  0.0226  1
 33:   0.8386  0.1614  1
 34:   1.0000  0.0000  1
 35:   0.9116  0.0884  1
 36:   1.0000  0.0000  1
 37:   0.9146  0.0854  1
 38:   0.0000  1.0000  1
 39:   0.9868  0.0132  1
 40:   0.0000  1.0000  1
 41:   0.0000  1.0000  1
 42:   0.0000  1.0000  1
 43:   0.0099  0.9901  1
 44:   0.8442  0.1558  1
 45:   1.0000  0.0000  1
 46:   0.0000  1.0000  1
 47:   0.9202  0.0798  1
 48:   1.0000  0.0000  1
 49:   0.9158  0.0842  1
 50:   0.9771  0.0229  1
 51:   0.0000  1.0000  1
 52:   0.0000  1.0000  1
 53:   0.9662  0.0338  1
 54:   0.3179  0.6821  1
 55:   1.0000  0.0000  1
 56:   0.1610  0.8390  1
 57:   1.0000  0.0000  1
 58:   0.9240  0.0760  1
 59:   0.0000  1.0000  1
 60:   1.0000  0.0000  1
 61:   1.0000  0.0000  1
 62:   0.0000  1.0000  1
 63:   0.9696  0.0304  1
 64:   1.0000  0.0000  1
 65:   0.9039  0.0961  1
 66:   0.0000  1.0000  1
 67:   0.3219  0.6781  1
 68:   0.1662  0.8338  1
 69:   1.0000  0.0000  1
 70:   0.9669  0.0331  1
 71:   0.0000  1.0000  1
 72:   0.0146  0.9854  1
 73:   0.0000  1.0000  1
 74:   0.9214  0.0786  1
 75:   1.0000  0.0000  1
 76:   1.0000  0.0000  1
 77:   0.0000  1.0000  1
 78:   0.0984  0.9016  1
 79:   1.0000  0.0000  1
 80:   0.0000  1.0000  1
 81:   0.0823  0.9177  1
 82:   1.0000  0.0000  1
 83:   0.8705  0.1295  1
 84:   0.9452  0.0548  1
 85:   1.0000  0.0000  1
 86:   0.9254  0.0746  1
 87:   0.0000  1.0000  1
 88:   0.9473  0.0527  1
 89:   1.0000  0.0000  1
 90:   0.0000  1.0000  1
 91:   1.0000  0.0000  1
 92:   1.0000  0.0000  1
 93:   0.1186  0.8814  1
 94:   0.2841  0.7159  1
 95:   0.7321  0.2679  1
 96:   0.0000  1.0000  1
 97:   0.8290  0.1710  1
 98:   0.8517  0.1483  1
 99:   0.4780  0.5220  1
100:   0.1674  0.8326  1
101:   0.0401  0.9599  1
102:   0.0000  1.0000  1
103:   1.0000  0.0000  1
104:   0.0844  0.9156  1
105:   0.1942  0.8058  1
106:   0.0000  1.0000  1
107:   0.0121  0.9879  1
108:   0.0000  1.0000  1
109:   1.0000  0.0000  1
110:   0.0000  1.0000  1
111:   0.0423  0.9577  1
112:   1.0000  0.0000  1
113:   0.7551  0.2449  1
114:   0.7003  0.2997  1
115:   0.9295  0.0705  1
116:   0.1849  0.8151  1
117:   0.0000  1.0000  1
118:   0.9410  0.0590  1
119:   0.0000  1.0000  1
120:   0.0000  1.0000  1
121:   0.0361  0.9639  1
122:   0.0611  0.9389  1
123:   0.0000  1.0000  1
124:   1.0000  0.0000  1
125:   0.9183  0.0817  1
126:   0.0000  1.0000  1
127:   1.0000  0.0000  1
128:   0.1004  0.8996  1
129:   0.0000  1.0000  1
130:   0.1056  0.8944  1
131:   0.0000  1.0000  1
132:   1.0000  0.0000  1
133:   0.0964  0.9036  1
134:   0.0540  0.9460  1
135:   0.0617  0.9383  1
136:   0.0000  1.0000  1
137:   0.0000  1.0000  1
138:   1.0000  0.0000  1
139:   0.1942  0.8058  1
140:   0.0000  1.0000  1
141:   1.0000  0.0000  1
142:   0.3630  0.6370  1
143:   0.0000  1.0000  1
144:   0.0000  1.0000  1
145:   0.0785  0.9215  1
146:   1.0000  0.0000  1
147:   0.9770  0.0230  1
148:   0.5575  0.4425  1
149:   0.0000  1.0000  1
150:   0.0000  1.0000  1
151:   0.7576  0.2424  1
152:   0.2532  0.7468  1
153:   0.0000  1.0000  1
154:   0.0000  1.0000  1
155:   0.0284  0.9716  1
156:   0.0000  1.0000  1
157:   0.0000  1.0000  1
158:   0.7625  0.2375  1
159:   0.2206  0.7794  1
160:   0.0721  0.9279  1
161:   0.7631  0.2369  1
162:   0.8549  0.1451  1
163:   0.0007  0.9993  1
164:   0.0567  0.9433  1
165:   0.6989  0.3011  1
166:   0.0000  1.0000  1
167:   0.1997  0.8003  1
168:   1.0000  0.0000  1
169:   0.0000  1.0000  1
170:   0.8281  0.1719  1
171:   0.2372  0.7628  1
172:   0.0000  1.0000  1
173:   0.0000  1.0000  1
174:   0.0000  1.0000  1
175:   0.0000  1.0000  1
176:   0.3159  0.6841  1
177:   0.0000  1.0000  1
178:   0.2685  0.7315  1
179:   0.0731  0.9269  1
180:   0.2757  0.7243  1
181:   0.0000  1.0000  1
182:   0.0000  1.0000  1
183:   0.0000  1.0000  1
184:   0.5844  0.4156  1
185:   0.0000  1.0000  1
186:   0.0000  1.0000  1
187:   0.9153  0.0847  1
188:   1.0000  0.0000  1
189:   1.0000  0.0000  1
190:   0.0000  1.0000  1
191:   0.2379  0.7621  1
192:   1.0000  0.0000  1
193:   0.1023  0.8977  1
194:   0.1518  0.8482  1
195:   0.9529  0.0471  1
196:   0.0000  1.0000  1
197:   0.1976  0.8024  1
198:   0.0000  1.0000  1
199:   0.5569  0.4431  1
200:   0.3403  0.6597  1
201:   0.8668  0.1332  1
202:   0.3269  0.6731  1
203:   0.0000  1.0000  1
204:   0.2940  0.7060  1
205:   0.3148  0.6852  1
206:   0.8422  0.1578  1
207:   0.2090  0.7910  1
208:   0.3300  0.6700  1
209:   0.0000  1.0000  1
210:   0.0000  1.0000  1
211:   0.1882  0.8118  1
212:   1.0000  0.0000  1
213:   0.0009  0.9991  1
214:   1.0000  0.0000  1
215:   0.0001  0.9999  1
216:   1.0000  0.0000  1
217:   0.6671  0.3329  1
218:   1.0000  0.0000  1
219:   0.4083  0.5917  1
220:   0.1129  0.8871  1
221:   0.0000  1.0000  1
222:   0.2149  0.7851  1
223:   0.0000  1.0000  1
224:   0.2372  0.7628  1
225:   0.4664  0.5336  1
226:   0.3913  0.6087  1
227:   0.5245  0.4755  1
228:   1.0000  0.0000  1
229:   0.9792  0.0208  1
230:   0.0000  1.0000  1

  1:   0.1222  0.8778  1
  2:   0.0000  1.0000  1
  3:   0.0000  1.0000  1
  4:   0.0000  1.0000  1
  5:   0.0000  1.0000  1
  6:   1.0000  0.0000  1
  7:   0.9003  0.0997  1
  8:   0.0000  1.0000  1
  9:   0.0000  1.0000  1
 10:   1.0000  0.0000  1
 11:   0.0000  1.0000  1
 12:   0.0000  1.0000  1
 13:   0.0000  1.0000  1
 14:   1.0000  0.0000  1
 15:   0.0000  1.0000  1
 16:   1.0000  0.0000  1
 17:   0.0000  1.0000  1
 18:   0.0000  1.0000  1
 19:   0.9688  0.0312  1
 20:   0.0000  1.0000  1
 21:   0.0000  1.0000  1
 22:   0.0000  1.0000  1
 23:   1.0000  0.0000  1
 24:   0.9552  0.0448  1
 25:   0.0000  1.0000  1
 26:   1.0000  0.0000  1
 27:   0.0000  1.0000  1
 28:   0.9515  0.0485  1
 29:   0.0000  1.0000  1
 30:   0.0000  1.0000  1
 31:   0.1245  0.8755  1
 32:   0.9774  0.0226  1
 33:   0.8386  0.1614  1
 34:   1.0000  0.0000  1
 35:   0.9116  0.0884  1
 36:   1.0000  0.0000  1
 37:   0.9146  0.0854  1
 38:   0.0000  1.0000  1
 39:   0.9868  0.0132  1
 40:   0.0000  1.0000  1
 41:   0.0000  1.0000  1
 42:   0.0000  1.0000  1
 43:   0.0099  0.9901  1
 44:   0.8442  0.1558  1
 45:   1.0000  0.0000  1
 46:   0.0000  1.0000  1
 47:   0.9202  0.0798  1
 48:   1.0000  0.0000  1
 49:   0.9158  0.0842  1
 50:   0.9771  0.0229  1
 51:   0.0000  1.0000  1
 52:   0.0000  1.0000  1
 53:   0.9662  0.0338  1
 54:   0.3179  0.6821  1
 55:   1.0000  0.0000  1
 56:   0.1610  0.8390  1
 57:   1.0000  0.0000  1
 58:   0.9240  0.0760  1
 59:   0.0000  1.0000  1
 60:   1.0000  0.0000  1
 61:   1.0000  0.0000  1
 62:   0.0000  1.0000  1
 63:   0.9696  0.0304  1
 64:   1.0000  0.0000  1
 65:   0.9039  0.0961  1
 66:   0.0000  1.0000  1
 67:   0.3219  0.6781  1
 68:   0.1662  0.8338  1
 69:   1.0000  0.0000  1
 70:   0.9669  0.0331  1
 71:   0.0000  1.0000  1
 72:   0.0146  0.9854  1
 73:   0.0000  1.0000  1
 74:   0.9214  0.0786  1
 75:   1.0000  0.0000  1
 76:   1.0000  0.0000  1
 77:   0.0000  1.0000  1
 78:   0.0984  0.9016  1
 79:   1.0000  0.0000  1
 80:   0.0000  1.0000  1
 81:   0.0823  0.9177  1
 82:   1.0000  0.0000  1
 83:   0.8705  0.1295  1
 84:   0.9452  0.0548  1
 85:   1.0000  0.0000  1
 86:   0.9254  0.0746  1
 87:   0.0000  1.0000  1
 88:   0.9473  0.0527  1
 89:   1.0000  0.0000  1
 90:   0.0000  1.0000  1
 91:   1.0000  0.0000  1
 92:   1.0000  0.0000  1
 93:   0.1186  0.8814  1
 94:   0.2841  0.7159  1
 95:   0.7321  0.2679  1
 96:   0.0000  1.0000  1
 97:   0.8290  0.1710  1
 98:   0.8517  0.1483  1
 99:   0.4780  0.5220  1
100:   0.1674  0.8326  1
101:   0.0401  0.9599  1
102:   0.0000  1.0000  1
103:   1.0000  0.0000  1
104:   0.0844  0.9156  1
105:   0.1942  0.8058  1
106:   0.0000  1.0000  1
107:   0.0121  0.9879  1
108:   0.0000  1.0000  1
109:   1.0000  0.0000  1
110:   0.0000  1.0000  1
111:   0.0423  0.9577  1
112:   1.0000  0.0000  1
113:   0.7551  0.2449  1
114:   0.7003  0.2997  1
115:   0.9295  0.0705  1
116:   0.1849  0.8151  1
117:   0.0000  1.0000  1
118:   0.9410  0.0590  1
119:   0.0000  1.0000  1
120:   0.0000  1.0000  1
121:   0.0361  0.9639  1
122:   0.0611  0.9389  1
123:   0.0000  1.0000  1
124:   1.0000  0.0000  1
125:   0.9183  0.0817  1
126:   0.0000  1.0000  1
127:   1.0000  0.0000  1
128:   0.1004  0.8996  1
129:   0.0000  1.0000  1
130:   0.1056  0.8944  1
131:   0.0000  1.0000  1
132:   1.0000  0.0000  1
133:   0.0964  0.9036  1
134:   0.0540  0.9460  1
135:   0.0617  0.9383  1
136:   0.0000  1.0000  1
137:   0.0000  1.0000  1
138:   1.0000  0.0000  1
139:   0.1942  0.8058  1
140:   0.0000  1.0000  1
141:   1.0000  0.0000  1
142:   0.3630  0.6370  1
143:   0.0000  1.0000  1
144:   0.0000  1.0000  1
145:   0.0785  0.9215  1
146:   1.0000  0.0000  1
147:   0.9770  0.0230  1
148:   0.5575  0.4425  1
149:   0.0000  1.0000  1
150:   0.0000  1.0000  1
151:   0.7576  0.2424  1
152:   0.2532  0.7468  1
153:   0.0000  1.0000  1
154:   0.0000  1.0000  1
155:   0.0284  0.9716  1
156:   0.0000  1.0000  1
157:   0.0000  1.0000  1
158:   0.7625  0.2375  1
159:   0.2206  0.7794  1
160:   0.0721  0.9279  1
161:   0.7631  0.2369  1
162:   0.8549  0.1451  1
163:   0.0007  0.9993  1
164:   0.0567  0.9433  1
165:   0.6989  0.3011  1
166:   0.0000  1.0000  1
167:   0.1997  0.8003  1
168:   1.0000  0.0000  1
169:   0.0000  1.0000  1
170:   0.8281  0.1719  1
171:   0.2372  0.7628  1
172:   0.0000  1.0000  1
173:   0.0000  1.0000  1
174:   0.0000  1.0000  1
175:   0.0000  1.0000  1
176:   0.3159  0.6841  1
177:   0.0000  1.0000  1
178:   0.2685  0.7315  1
179:   0.0731  0.9269  1
180:   0.2757  0.7243  1
181:   0.0000  1.0000  1
182:   0.0000  1.0000  1
183:   0.0000  1.0000  1
184:   0.5844  0.4156  1
185:   0.0000  1.0000  1
186:   0.0000  1.0000  1
187:   0.9153  0.0847  1
188:   1.0000  0.0000  1
189:   1.0000  0.0000  1
190:   0.0000  1.0000  1
191:   0.2379  0.7621  1
192:   1.0000  0.0000  1
193:   0.1023  0.8977  1
194:   0.1518  0.8482  1
195:   0.9529  0.0471  1
196:   0.0000  1.0000  1
197:   0.1976  0.8024  1
198:   0.0000  1.0000  1
199:   0.5569  0.4431  1
200:   0.3403  0.6597  1
201:   0.8668  0.1332  1
202:   0.3269  0.6731  1
203:   0.0000  1.0000  1
204:   0.2940  0.7060  1
205:   0.3148  0.6852  1
206:   0.8422  0.1578  1
207:   0.2090  0.7910  1
208:   0.3300  0.6700  1
209:   0.0000  1.0000  1
210:   0.0000  1.0000  1
211:   0.1882  0.8118  1
212:   1.0000  0.0000  1
213:   0.0009  0.9991  1
214:   1.0000  0.0000  1
215:   0.0001  0.9999  1
216:   1.0000  0.0000  1
217:   0.6671  0.3329  1
218:   1.0000  0.0000  1
219:   0.4083  0.5917  1
220:   0.1129  0.8871  1
221:   0.0000  1.0000  1
222:   0.2149  0.7851  1
223:   0.0000  1.0000  1
224:   0.2372  0.7628  1
225:   0.4664  0.5336  1
226:   0.3913  0.6087  1
227:   0.5245  0.4755  1
228:   1.0000  0.0000  1
229:   0.9792  0.0208  1
230:   0.0000  1.0000  1

  1:   0.1223  0.8777  1
  2:   0.0000  1.0000  1
  3:   0.0000  1.0000  1
  4:   0.0000  1.0000  1
  5:   0.0000  1.0000  1
  6:   1.0000  0.0000  1
  7:   0.9002  0.0998  1
  8:   0.0000  1.0000  1
  9:   0.0000  1.0000  1
 10:   1.0000  0.0000  1
 11:   0.0000  1.0000  1
 12:   0.0000  1.0000  1
 13:   0.0000  1.0000  1
 14:   1.0000  0.0000  1
 15:   0.0000  1.0000  1
 16:   1.0000  0.0000  1
 17:   0.0000  1.0000  1
 18:   0.0000  1.0000  1
 19:   0.9688  0.0312  1
 20:   0.0000  1.0000  1
 21:   0.0000  1.0000  1
 22:   0.0000  1.0000  1
 23:   1.0000  0.0000  1
 24:   0.9557  0.0443  1
 25:   0.0000  1.0000  1
 26:   1.0000  0.0000  1
 27:   0.0000  1.0000  1
 28:   0.9517  0.0483  1
 29:   0.0000  1.0000  1
 30:   0.0000  1.0000  1
 31:   0.1244  0.8756  1
 32:   0.9774  0.0226  1
 33:   0.8386  0.1614  1
 34:   1.0000  0.0000  1
 35:   0.9115  0.0885  1
 36:   1.0000  0.0000  1
 37:   0.9146  0.0854  1
 38:   0.0000  1.0000  1
 39:   0.9868  0.0132  1
 40:   0.0000  1.0000  1
 41:   0.0000  1.0000  1
 42:   0.0000  1.0000  1
 43:   0.0098  0.9902  1
 44:   0.8445  0.1555  1
 45:   1.0000  0.0000  1
 46:   0.0000  1.0000  1
 47:   0.9202  0.0798  1
 48:   1.0000  0.0000  1
 49:   0.9161  0.0839  1
 50:   0.9773  0.0227  1
 51:   0.0000  1.0000  1
 52:   0.0000  1.0000  1
 53:   0.9661  0.0339  1
 54:   0.3180  0.6820  1
 55:   1.0000  0.0000  1
 56:   0.1609  0.8391  1
 57:   1.0000  0.0000  1
 58:   0.9242  0.0758  1
 59:   0.0000  1.0000  1
 60:   1.0000  0.0000  1
 61:   1.0000  0.0000  1
 62:   0.0000  1.0000  1
 63:   0.9697  0.0303  1
 64:   1.0000  0.0000  1
 65:   0.9039  0.0961  1
 66:   0.0000  1.0000  1
 67:   0.3220  0.6780  1
 68:   0.1663  0.8337  1
 69:   1.0000  0.0000  1
 70:   0.9670  0.0330  1
 71:   0.0000  1.0000  1
 72:   0.0145  0.9855  1
 73:   0.0000  1.0000  1
 74:   0.9211  0.0789  1
 75:   1.0000  0.0000  1
 76:   1.0000  0.0000  1
 77:   0.0000  1.0000  1
 78:   0.0987  0.9013  1
 79:   1.0000  0.0000  1
 80:   0.0000  1.0000  1
 81:   0.0822  0.9178  1
 82:   1.0000  0.0000  1
 83:   0.8709  0.1291  1
 84:   0.9452  0.0548  1
 85:   1.0000  0.0000  1
 86:   0.9254  0.0746  1
 87:   0.0000  1.0000  1
 88:   0.9474  0.0526  1
 89:   1.0000  0.0000  1
 90:   0.0000  1.0000  1
 91:   1.0000  0.0000  1
 92:   1.0000  0.0000  1
 93:   0.1187  0.8813  1
 94:   0.2842  0.7158  1
 95:   0.7322  0.2678  1
 96:   0.0000  1.0000  1
 97:   0.8286  0.1714  1
 98:   0.8519  0.1481  1
 99:   0.4807  0.5193  1
100:   0.1673  0.8327  1
101:   0.0401  0.9599  1
102:   0.0000  1.0000  1
103:   1.0000  0.0000  1
104:   0.0844  0.9156  1
105:   0.1942  0.8058  1
106:   0.0000  1.0000  1
107:   0.0120  0.9880  1
108:   0.0000  1.0000  1
109:   1.0000  0.0000  1
110:   0.0000  1.0000  1
111:   0.0422  0.9578  1
112:   1.0000  0.0000  1
113:   0.7552  0.2448  1
114:   0.7000  0.3000  1
115:   0.9296  0.0704  1
116:   0.1849  0.8151  1
117:   0.0000  1.0000  1
118:   0.9411  0.0589  1
119:   0.0000  1.0000  1
120:   0.0000  1.0000  1
121:   0.0362  0.9638  1
122:   0.0611  0.9389  1
123:   0.0000  1.0000  1
124:   1.0000  0.0000  1
125:   0.9181  0.0819  1
126:   0.0000  1.0000  1
127:   1.0000  0.0000  1
128:   0.1003  0.8997  1
129:   0.0000  1.0000  1
130:   0.1056  0.8944  1
131:   0.0000  1.0000  1
132:   1.0000  0.0000  1
133:   0.0964  0.9036  1
134:   0.0544  0.9456  1
135:   0.0616  0.9384  1
136:   0.0000  1.0000  1
137:   0.0000  1.0000  1
138:   1.0000  0.0000  1
139:   0.1943  0.8057  1
140:   0.0000  1.0000  1
141:   1.0000  0.0000  1
142:   0.3622  0.6378  1
143:   0.0000  1.0000  1
144:   0.0000  1.0000  1
145:   0.0785  0.9215  1
146:   1.0000  0.0000  1
147:   0.9768  0.0232  1
148:   0.5575  0.4425  1
149:   0.0000  1.0000  1
150:   0.0000  1.0000  1
151:   0.7580  0.2420  1
152:   0.2525  0.7475  1
153:   0.0000  1.0000  1
154:   0.0000  1.0000  1
155:   0.0284  0.9716  1
156:   0.0000  1.0000  1
157:   0.0000  1.0000  1
158:   0.7627  0.2373  1
159:   0.2207  0.7793  1
160:   0.0721  0.9279  1
161:   0.7651  0.2349  1
162:   0.8562  0.1438  1
163:   0.0007  0.9993  1
164:   0.0569  0.9431  1
165:   0.6992  0.3008  1
166:   0.0000  1.0000  1
167:   0.1997  0.8003  1
168:   1.0000  0.0000  1
169:   0.0000  1.0000  1
170:   0.8283  0.1717  1
171:   0.2368  0.7632  1
172:   0.0473  0.9527  1
173:   0.0000  1.0000  1
174:   0.0000  1.0000  1
175:   0.0000  1.0000  1
176:   0.3159  0.6841  1
177:   0.0000  1.0000  1
178:   0.2687  0.7313  1
179:   0.0733  0.9267  1
180:   0.2756  0.7244  1
181:   0.0000  1.0000  1
182:   0.0000  1.0000  1
183:   0.0000  1.0000  1
184:   0.5847  0.4153  1
185:   0.0000  1.0000  1
186:   0.0000  1.0000  1
187:   0.9151  0.0849  1
188:   1.0000  0.0000  1
189:   1.0000  0.0000  1
190:   0.0000  1.0000  1
191:   0.2380  0.7620  1
192:   1.0000  0.0000  1
193:   0.1028  0.8972  1
194:   0.1515  0.8485  1
195:   0.9530  0.0470  1
196:   0.0000  1.0000  1
197:   0.1976  0.8024  1
198:   0.0000  1.0000  1
199:   0.5533  0.4467  1
200:   0.3406  0.6594  1
201:   0.8671  0.1329  1
202:   0.3269  0.6731  1
203:   0.0000  1.0000  1
204:   0.2948  0.7052  1
205:   0.3152  0.6848  1
206:   0.8422  0.1578  1
207:   0.2091  0.7909  1
208:   0.3305  0.6695  1
209:   0.0000  1.0000  1
210:   0.0000  1.0000  1
211:   0.1881  0.8119  1
212:   1.0000  0.0000  1
213:   0.0010  0.9990  1
214:   1.0000  0.0000  1
215:   0.0001  0.9999  1
216:   1.0000  0.0000  1
217:   0.6633  0.3367  1
218:   1.0000  0.0000  1
219:   0.4084  0.5916  1
220:   0.1128  0.8872  1
221:   0.0000  1.0000  1
222:   0.2158  0.7842  1
223:   0.0000  1.0000  1
224:   0.2370  0.7630  1
225:   0.4664  0.5336  1
226:   0.3913  0.6087  1
227:   0.5249  0.4751  1
228:   1.0000  0.0000  1
229:   0.9787  0.0213  1
230:   0.0000  1.0000  1

  1:   0.1223  0.8777  1
  2:   0.0000  1.0000  1
  3:   0.0000  1.0000  1
  4:   0.0000  1.0000  1
  5:   0.0000  1.0000  1
  6:   1.0000  0.0000  1
  7:   0.9002  0.0998  1
  8:   0.0000  1.0000  1
  9:   0.0000  1.0000  1
 10:   1.0000  0.0000  1
 11:   0.0000  1.0000  1
 12:   0.0000  1.0000  1
 13:   0.0000  1.0000  1
 14:   1.0000  0.0000  1
 15:   0.0000  1.0000  1
 16:   1.0000  0.0000  1
 17:   0.0000  1.0000  1
 18:   0.0000  1.0000  1
 19:   0.9688  0.0312  1
 20:   0.0000  1.0000  1
 21:   0.0000  1.0000  1
 22:   0.0000  1.0000  1
 23:   1.0000  0.0000  1
 24:   0.9557  0.0443  1
 25:   0.0000  1.0000  1
 26:   1.0000  0.0000  1
 27:   0.0000  1.0000  1
 28:   0.9517  0.0483  1
 29:   0.0000  1.0000  1
 30:   0.0000  1.0000  1
 31:   0.1244  0.8756  1
 32:   0.9774  0.0226  1
 33:   0.8386  0.1614  1
 34:   1.0000  0.0000  1
 35:   0.9115  0.0885  1
 36:   1.0000  0.0000  1
 37:   0.9146  0.0854  1
 38:   0.0000  1.0000  1
 39:   0.9868  0.0132  1
 40:   0.0000  1.0000  1
 41:   0.0000  1.0000  1
 42:   0.0000  1.0000  1
 43:   0.0098  0.9902  1
 44:   0.8445  0.1555  1
 45:   1.0000  0.0000  1
 46:   0.0000  1.0000  1
 47:   0.9202  0.0798  1
 48:   1.0000  0.0000  1
 49:   0.9161  0.0839  1
 50:   0.9773  0.0227  1
 51:   0.0000  1.0000  1
 52:   0.0000  1.0000  1
 53:   0.9661  0.0339  1
 54:   0.3180  0.6820  1
 55:   1.0000  0.0000  1
 56:   0.1609  0.8391  1
 57:   1.0000  0.0000  1
 58:   0.9242  0.0758  1
 59:   0.0000  1.0000  1
 60:   1.0000  0.0000  1
 61:   1.0000  0.0000  1
 62:   0.0000  1.0000  1
 63:   0.9697  0.0303  1
 64:   1.0000  0.0000  1
 65:   0.9039  0.0961  1
 66:   0.0000  1.0000  1
 67:   0.3220  0.6780  1
 68:   0.1663  0.8337  1
 69:   1.0000  0.0000  1
 70:   0.9670  0.0330  1
 71:   0.0000  1.0000  1
 72:   0.0145  0.9855  1
 73:   0.0000  1.0000  1
 74:   0.9211  0.0789  1
 75:   1.0000  0.0000  1
 76:   1.0000  0.0000  1
 77:   0.0000  1.0000  1
 78:   0.0987  0.9013  1
 79:   1.0000  0.0000  1
 80:   0.0000  1.0000  1
 81:   0.0822  0.9178  1
 82:   1.0000  0.0000  1
 83:   0.8709  0.1291  1
 84:   0.9452  0.0548  1
 85:   1.0000  0.0000  1
 86:   0.9254  0.0746  1
 87:   0.0000  1.0000  1
 88:   0.9474  0.0526  1
 89:   1.0000  0.0000  1
 90:   0.0000  1.0000  1
 91:   1.0000  0.0000  1
 92:   1.0000  0.0000  1
 93:   0.1187  0.8813  1
 94:   0.2842  0.7158  1
 95:   0.7322  0.2678  1
 96:   0.0000  1.0000  1
 97:   0.8286  0.1714  1
 98:   0.8519  0.1481  1
 99:   0.4807  0.5193  1
100:   0.1673  0.8327  1
101:   0.0401  0.9599  1
102:   0.0000  1.0000  1
103:   1.0000  0.0000  1
104:   0.0844  0.9156  1
105:   0.1942  0.8058  1
106:   0.0000  1.0000  1
107:   0.0120  0.9880  1
108:   0.0000  1.0000  1
109:   1.0000  0.0000  1
110:   0.0000  1.0000  1
111:   0.0422  0.9578  1
112:   1.0000  0.0000  1
113:   0.7552  0.2448  1
114:   0.7000  0.3000  1
115:   0.9296  0.0704  1
116:   0.1849  0.8151  1
117:   0.0000  1.0000  1
118:   0.9411  0.0589  1
119:   0.0000  1.0000  1
120:   0.0000  1.0000  1
121:   0.0362  0.9638  1
122:   0.0611  0.9389  1
123:   0.0000  1.0000  1
124:   1.0000  0.0000  1
125:   0.9181  0.0819  1
126:   0.0000  1.0000  1
127:   1.0000  0.0000  1
128:   0.1003  0.8997  1
129:   0.0000  1.0000  1
130:   0.1056  0.8944  1
131:   0.0000  1.0000  1
132:   1.0000  0.0000  1
133:   0.0964  0.9036  1
134:   0.0544  0.9456  1
135:   0.0616  0.9384  1
136:   0.0000  1.0000  1
137:   0.0000  1.0000  1
138:   1.0000  0.0000  1
139:   0.1943  0.8057  1
140:   0.0000  1.0000  1
141:   1.0000  0.0000  1
142:   0.3622  0.6378  1
143:   0.0000  1.0000  1
144:   0.0000  1.0000  1
145:   0.0785  0.9215  1
146:   1.0000  0.0000  1
147:   0.9768  0.0232  1
148:   0.5575  0.4425  1
149:   0.0000  1.0000  1
150:   0.0000  1.0000  1
151:   0.7580  0.2420  1
152:   0.2525  0.7475  1
153:   0.0000  1.0000  1
154:   0.0000  1.0000  1
155:   0.0284  0.9716  1
156:   0.0000  1.0000  1
157:   0.0000  1.0000  1
158:   0.7627  0.2373  1
159:   0.2207  0.7793  1
160:   0.0721  0.9279  1
161:   0.7651  0.2349  1
162:   0.8562  0.1438  1
163:   0.0007  0.9993  1
164:   0.0569  0.9431  1
165:   0.6992  0.3008  1
166:   0.0000  1.0000  1
167:   0.1997  0.8003  1
168:   1.0000  0.0000  1
169:   0.0000  1.0000  1
170:   0.8283  0.1717  1
171:   0.2368  0.7632  1
172:   0.0473  0.9527  1
173:   0.0000  1.0000  1
174:   0.0000  1.0000  1
175:   0.0000  1.0000  1
176:   0.3159  0.6841  1
177:   0.0000  1.0000  1
178:   0.2687  0.7313  1
179:   0.0733  0.9267  1
180:   0.2756  0.7244  1
181:   0.0000  1.0000  1
182:   0.0000  1.0000  1
183:   0.0000  1.0000  1
184:   0.5847  0.4153  1
185:   0.0000  1.0000  1
186:   0.0000  1.0000  1
187:   0.9151  0.0849  1
188:   1.0000  0.0000  1
189:   1.0000  0.0000  1
190:   0.0000  1.0000  1
191:   0.2380  0.7620  1
192:   1.0000  0.0000  1
193:   0.1028  0.8972  1
194:   0.1515  0.8485  1
195:   0.9530  0.0470  1
196:   0.0000  1.0000  1
197:   0.1976  0.8024  1
198:   0.0000  1.0000  1
199:   0.5533  0.4467  1
200:   0.3406  0.6594  1
201:   0.8671  0.1329  1
202:   0.3269  0.6731  1
203:   0.0000  1.0000  1
204:   0.2948  0.7052  1
205:   0.3152  0.6848  1
206:   0.8422  0.1578  1
207:   0.2091  0.7909  1
208:   0.3305  0.6695  1
209:   0.0000  1.0000  1
210:   0.0000  1.0000  1
211:   0.1881  0.8119  1
212:   1.0000  0.0000  1
213:   0.0010  0.9990  1
214:   1.0000  0.0000  1
215:   0.0001  0.9999  1
216:   1.0000  0.0000  1
217:   0.6633  0.3367  1
218:   1.0000  0.0000  1
219:   0.4084  0.5916  1
220:   0.1128  0.8872  1
221:   0.0000  1.0000  1
222:   0.2158  0.7842  1
223:   0.0000  1.0000  1
224:   0.2370  0.7630  1
225:   0.4664  0.5336  1
226:   0.3913  0.6087  1
227:   0.5249  0.4751  1
228:   1.0000  0.0000  1
229:   0.9787  0.0213  1
230:   0.0000  1.0000  1

  1:   0.1223  0.8777  1
  2:   0.0000  1.0000  1
  3:   0.0000  1.0000  1
  4:   0.0000  1.0000  1
  5:   0.0000  1.0000  1
  6:   1.0000  0.0000  1
  7:   0.9002  0.0998  1
  8:   0.0000  1.0000  1
  9:   0.0000  1.0000  1
 10:   1.0000  0.0000  1
 11:   0.0000  1.0000  1
 12:   0.0000  1.0000  1
 13:   0.0000  1.0000  1
 14:   1.0000  0.0000  1
 15:   0.0000  1.0000  1
 16:   1.0000  0.0000  1
 17:   0.0000  1.0000  1
 18:   0.0000  1.0000  1
 19:   0.9688  0.0312  1
 20:   0.0000  1.0000  1
 21:   0.0000  1.0000  1
 22:   0.0000  1.0000  1
 23:   1.0000  0.0000  1
 24:   0.9557  0.0443  1
 25:   0.0000  1.0000  1
 26:   1.0000  0.0000  1
 27:   0.0000  1.0000  1
 28:   0.9517  0.0483  1
 29:   0.0000  1.0000  1
 30:   0.0000  1.0000  1
 31:   0.1244  0.8756  1
 32:   0.9774  0.0226  1
 33:   0.8386  0.1614  1
 34:   1.0000  0.0000  1
 35:   0.9115  0.0885  1
 36:   1.0000  0.0000  1
 37:   0.9146  0.0854  1
 38:   0.0000  1.0000  1
 39:   0.9868  0.0132  1
 40:   0.0000  1.0000  1
 41:   0.0000  1.0000  1
 42:   0.0000  1.0000  1
 43:   0.0098  0.9902  1
 44:   0.8445  0.1555  1
 45:   1.0000  0.0000  1
 46:   0.0000  1.0000  1
 47:   0.9202  0.0798  1
 48:   1.0000  0.0000  1
 49:   0.9161  0.0839  1
 50:   0.9773  0.0227  1
 51:   0.0000  1.0000  1
 52:   0.0000  1.0000  1
 53:   0.9661  0.0339  1
 54:   0.3180  0.6820  1
 55:   1.0000  0.0000  1
 56:   0.1609  0.8391  1
 57:   1.0000  0.0000  1
 58:   0.9242  0.0758  1
 59:   0.0000  1.0000  1
 60:   1.0000  0.0000  1
 61:   1.0000  0.0000  1
 62:   0.0000  1.0000  1
 63:   0.9697  0.0303  1
 64:   1.0000  0.0000  1
 65:   0.9039  0.0961  1
 66:   0.0000  1.0000  1
 67:   0.3220  0.6780  1
 68:   0.1663  0.8337  1
 69:   1.0000  0.0000  1
 70:   0.9670  0.0330  1
 71:   0.0000  1.0000  1
 72:   0.0145  0.9855  1
 73:   0.0000  1.0000  1
 74:   0.9211  0.0789  1
 75:   1.0000  0.0000  1
 76:   1.0000  0.0000  1
 77:   0.0000  1.0000  1
 78:   0.0987  0.9013  1
 79:   1.0000  0.0000  1
 80:   0.0000  1.0000  1
 81:   0.0822  0.9178  1
 82:   1.0000  0.0000  1
 83:   0.8709  0.1291  1
 84:   0.9452  0.0548  1
 85:   1.0000  0.0000  1
 86:   0.9254  0.0746  1
 87:   0.0000  1.0000  1
 88:   0.9474  0.0526  1
 89:   1.0000  0.0000  1
 90:   0.0000  1.0000  1
 91:   1.0000  0.0000  1
 92:   1.0000  0.0000  1
 93:   0.1187  0.8813  1
 94:   0.2842  0.7158  1
 95:   0.7322  0.2678  1
 96:   0.0000  1.0000  1
 97:   0.8286  0.1714  1
 98:   0.8519  0.1481  1
 99:   0.4807  0.5193  1
100:   0.1673  0.8327  1
101:   0.0401  0.9599  1
102:   0.0000  1.0000  1
103:   1.0000  0.0000  1
104:   0.0844  0.9156  1
105:   0.1942  0.8058  1
106:   0.0000  1.0000  1
107:   0.0120  0.9880  1
108:   0.0000  1.0000  1
109:   1.0000  0.0000  1
110:   0.0000  1.0000  1
111:   0.0422  0.9578  1
112:   1.0000  0.0000  1
113:   0.7552  0.2448  1
114:   0.7000  0.3000  1
115:   0.9296  0.0704  1
116:   0.1849  0.8151  1
117:   0.0000  1.0000  1
118:   0.9411  0.0589  1
119:   0.0000  1.0000  1
120:   0.0000  1.0000  1
121:   0.0362  0.9638  1
122:   0.0611  0.9389  1
123:   0.0000  1.0000  1
124:   1.0000  0.0000  1
125:   0.9181  0.0819  1
126:   0.0000  1.0000  1
127:   1.0000  0.0000  1
128:   0.1003  0.8997  1
129:   0.0000  1.0000  1
130:   0.1056  0.8944  1
131:   0.0000  1.0000  1
132:   1.0000  0.0000  1
133:   0.0964  0.9036  1
134:   0.0544  0.9456  1
135:   0.0616  0.9384  1
136:   0.0000  1.0000  1
137:   0.0000  1.0000  1
138:   1.0000  0.0000  1
139:   0.1943  0.8057  1
140:   0.0000  1.0000  1
141:   1.0000  0.0000  1
142:   0.3622  0.6378  1
143:   0.0000  1.0000  1
144:   0.0000  1.0000  1
145:   0.0785  0.9215  1
146:   1.0000  0.0000  1
147:   0.9768  0.0232  1
148:   0.5575  0.4425  1
149:   0.0000  1.0000  1
150:   0.0000  1.0000  1
151:   0.7580  0.2420  1
152:   0.2525  0.7475  1
153:   0.0000  1.0000  1
154:   0.0000  1.0000  1
155:   0.0284  0.9716  1
156:   0.0000  1.0000  1
157:   0.0000  1.0000  1
158:   0.7627  0.2373  1
159:   0.2207  0.7793  1
160:   0.0721  0.9279  1
161:   0.7651  0.2349  1
162:   0.8562  0.1438  1
163:   0.0007  0.9993  1
164:   0.0569  0.9431  1
165:   0.6992  0.3008  1
166:   0.0000  1.0000  1
167:   0.1997  0.8003  1
168:   1.0000  0.0000  1
169:   0.0000  1.0000  1
170:   0.8283  0.1717  1
171:   0.2368  0.7632  1
172:   0.0473  0.9527  1
173:   0.0000  1.0000  1
174:   0.0000  1.0000  1
175:   0.0000  1.0000  1
176:   0.3159  0.6841  1
177:   0.0000  1.0000  1
178:   0.2687  0.7313  1
179:   0.0733  0.9267  1
180:   0.2756  0.7244  1
181:   0.0000  1.0000  1
182:   0.0000  1.0000  1
183:   0.0000  1.0000  1
184:   0.5847  0.4153  1
185:   0.0000  1.0000  1
186:   0.0000  1.0000  1
187:   0.9151  0.0849  1
188:   1.0000  0.0000  1
189:   1.0000  0.0000  1
190:   0.0000  1.0000  1
191:   0.2380  0.7620  1
192:   1.0000  0.0000  1
193:   0.1028  0.8972  1
194:   0.1515  0.8485  1
195:   0.9530  0.0470  1
196:   0.0000  1.0000  1
197:   0.1976  0.8024  1
198:   0.0000  1.0000  1
199:   0.5533  0.4467  1
200:   0.3406  0.6594  1
201:   0.8671  0.1329  1
202:   0.3269  0.6731  1
203:   0.0000  1.0000  1
204:   0.2948  0.7052  1
205:   0.3152  0.6848  1
206:   0.8422  0.1578  1
207:   0.2091  0.7909  1
208:   0.3305  0.6695  1
209:   0.0000  1.0000  1
210:   0.0000  1.0000  1
211:   0.1881  0.8119  1
212:   1.0000  0.0000  1
213:   0.0010  0.9990  1
214:   1.0000  0.0000  1
215:   0.0001  0.9999  1
216:   1.0000  0.0000  1
217:   0.6633  0.3367  1
218:   1.0000  0.0000  1
219:   0.4084  0.5916  1
220:   0.1128  0.8872  1
221:   0.0000  1.0000  1
222:   0.2158  0.7842  1
223:   0.0000  1.0000  1
224:   0.2370  0.7630  1
225:   0.4664  0.5336  1
226:   0.3913  0.6087  1
227:   0.5249  0.4751  1
228:   1.0000  0.0000  1
229:   0.9787  0.0213  1
230:   0.0000  1.0000  1

  1:   0.1243  0.8757  1
  2:   0.0000  1.0000  1
  3:   0.0000  1.0000  1
  4:   0.0000  1.0000  1
  5:   0.0000  1.0000  1
  6:   1.0000  0.0000  1
  7:   0.9002  0.0998  1
  8:   0.0000  1.0000  1
  9:   0.0000  1.0000  1
 10:   1.0000  0.0000  1
 11:   0.0000  1.0000  1
 12:   0.0000  1.0000  1
 13:   0.0000  1.0000  1
 14:   1.0000  0.0000  1
 15:   0.0000  1.0000  1
 16:   1.0000  0.0000  1
 17:   0.0000  1.0000  1
 18:   0.0000  1.0000  1
 19:   0.9685  0.0315  1
 20:   0.0000  1.0000  1
 21:   0.0000  1.0000  1
 22:   0.0000  1.0000  1
 23:   1.0000  0.0000  1
 24:   0.9558  0.0442  1
 25:   0.0000  1.0000  1
 26:   1.0000  0.0000  1
 27:   0.0000  1.0000  1
 28:   0.9516  0.0484  1
 29:   0.0000  1.0000  1
 30:   0.0000  1.0000  1
 31:   0.1247  0.8753  1
 32:   0.9778  0.0222  1
 33:   0.8388  0.1612  1
 34:   1.0000  0.0000  1
 35:   0.9110  0.0890  1
 36:   1.0000  0.0000  1
 37:   0.9147  0.0853  1
 38:   0.0000  1.0000  1
 39:   0.9869  0.0131  1
 40:   0.0000  1.0000  1
 41:   0.0000  1.0000  1
 42:   0.0000  1.0000  1
 43:   0.0098  0.9902  1
 44:   0.8443  0.1557  1
 45:   1.0000  0.0000  1
 46:   0.0000  1.0000  1
 47:   0.9202  0.0798  1
 48:   1.0000  0.0000  1
 49:   0.9163  0.0837  1
 50:   0.9774  0.0226  1
 51:   0.0000  1.0000  1
 52:   0.0000  1.0000  1
 53:   0.9661  0.0339  1
 54:   0.3191  0.6809  1
 55:   1.0000  0.0000  1
 56:   0.1613  0.8387  1
 57:   1.0000  0.0000  1
 58:   0.9239  0.0761  1
 59:   0.0000  1.0000  1
 60:   1.0000  0.0000  1
 61:   1.0000  0.0000  1
 62:   0.0000  1.0000  1
 63:   0.9700  0.0300  1
 64:   1.0000  0.0000  1
 65:   0.9041  0.0959  1
 66:   0.0000  1.0000  1
 67:   0.3229  0.6771  1
 68:   0.1685  0.8315  1
 69:   1.0000  0.0000  1
 70:   0.9670  0.0330  1
 71:   0.0000  1.0000  1
 72:   0.0147  0.9853  1
 73:   0.0000  1.0000  1
 74:   0.9224  0.0776  1
 75:   1.0000  0.0000  1
 76:   1.0000  0.0000  1
 77:   0.0000  1.0000  1
 78:   0.1044  0.8956  1
 79:   1.0000  0.0000  1
 80:   0.0000  1.0000  1
 81:   0.0827  0.9173  1
 82:   1.0000  0.0000  1
 83:   0.8709  0.1291  1
 84:   0.9453  0.0547  1
 85:   1.0000  0.0000  1
 86:   0.9253  0.0747  1
 87:   0.0000  1.0000  1
 88:   0.9475  0.0525  1
 89:   1.0000  0.0000  1
 90:   0.0000  1.0000  1
 91:   1.0000  0.0000  1
 92:   1.0000  0.0000  1
 93:   0.1204  0.8796  1
 94:   0.2863  0.7137  1
 95:   0.7326  0.2674  1
 96:   0.0000  1.0000  1
 97:   0.8281  0.1719  1
 98:   0.8520  0.1480  1
 99:   0.4807  0.5193  1
100:   0.1675  0.8325  1
101:   0.0401  0.9599  1
102:   0.0000  1.0000  1
103:   1.0000  0.0000  1
104:   0.0845  0.9155  1
105:   0.1941  0.8059  1
106:   0.0000  1.0000  1
107:   0.0122  0.9878  1
108:   0.0000  1.0000  1
109:   1.0000  0.0000  1
110:   0.0000  1.0000  1
111:   0.0422  0.9578  1
112:   1.0000  0.0000  1
113:   0.7550  0.2450  1
114:   0.7001  0.2999  1
115:   0.9296  0.0704  1
116:   0.1849  0.8151  1
117:   0.0000  1.0000  1
118:   0.9412  0.0588  1
119:   0.0000  1.0000  1
120:   0.0000  1.0000  1
121:   0.0362  0.9638  1
122:   0.0612  0.9388  1
123:   0.0000  1.0000  1
124:   1.0000  0.0000  1
125:   0.9167  0.0833  1
126:   0.0000  1.0000  1
127:   1.0000  0.0000  1
128:   0.1012  0.8988  1
129:   0.0000  1.0000  1
130:   0.1061  0.8939  1
131:   0.0000  1.0000  1
132:   1.0000  0.0000  1
133:   0.0968  0.9032  1
134:   0.0629  0.9371  1
135:   0.0616  0.9384  1
136:   0.0000  1.0000  1
137:   0.0000  1.0000  1
138:   1.0000  0.0000  1
139:   0.1946  0.8054  1
140:   0.0001  0.9999  1
141:   1.0000  0.0000  1
142:   0.3630  0.6370  1
143:   0.0000  1.0000  1
144:   0.0000  1.0000  1
145:   0.0786  0.9214  1
146:   1.0000  0.0000  1
147:   0.9739  0.0261  1
148:   0.5584  0.4416  1
149:   0.0000  1.0000  1
150:   0.0000  1.0000  1
151:   0.7580  0.2420  1
152:   0.2528  0.7472  1
153:   0.0000  1.0000  1
154:   0.0000  1.0000  1
155:   0.0284  0.9716  1
156:   0.0000  1.0000  1
157:   0.0000  1.0000  1
158:   0.7626  0.2374  1
159:   0.2206  0.7794  1
160:   0.0723  0.9277  1
161:   0.7651  0.2349  1
162:   0.8559  0.1441  1
163:   0.0016  0.9984  1
164:   0.0586  0.9414  1
165:   0.6994  0.3006  1
166:   0.0000  1.0000  1
167:   0.1999  0.8001  1
168:   1.0000  0.0000  1
169:   0.0000  1.0000  1
170:   0.8282  0.1718  1
171:   0.2370  0.7630  1
172:   0.0473  0.9527  1
173:   0.0000  1.0000  1
174:   0.0000  1.0000  1
175:   0.0000  1.0000  1
176:   0.3160  0.6840  1
177:   0.0000  1.0000  1
178:   0.2687  0.7313  1
179:   0.0737  0.9263  1
180:   0.2756  0.7244  1
181:   0.0000  1.0000  1
182:   0.0000  1.0000  1
183:   0.0000  1.0000  1
184:   0.5850  0.4150  1
185:   0.0000  1.0000  1
186:   0.0000  1.0000  1
187:   0.9151  0.0849  1
188:   1.0000  0.0000  1
189:   1.0000  0.0000  1
190:   0.0000  1.0000  1
191:   0.2450  0.7550  1
192:   1.0000  0.0000  1
193:   0.1114  0.8886  1
194:   0.1523  0.8477  1
195:   0.9530  0.0470  1
196:   0.0000  1.0000  1
197:   0.1981  0.8019  1
198:   0.0000  1.0000  1
199:   0.5511  0.4489  1
200:   0.3404  0.6596  1
201:   0.8675  0.1325  1
202:   0.3290  0.6710  1
203:   0.0000  1.0000  1
204:   0.2969  0.7031  1
205:   0.3156  0.6844  1
206:   0.8432  0.1568  1
207:   0.2091  0.7909  1
208:   0.3309  0.6691  1
209:   0.0000  1.0000  1
210:   0.0000  1.0000  1
211:   0.1884  0.8116  1
212:   1.0000  0.0000  1
213:   0.0034  0.9966  1
214:   1.0000  0.0000  1
215:   0.0006  0.9994  1
216:   1.0000  0.0000  1
217:   0.6675  0.3325  1
218:   1.0000  0.0000  1
219:   0.4082  0.5918  1
220:   0.1133  0.8867  1
221:   0.0000  1.0000  1
222:   0.2247  0.7753  1
223:   0.0000  1.0000  1
224:   0.2373  0.7627  1
225:   0.4680  0.5320  1
226:   0.3918  0.6082  1
227:   0.5255  0.4745  1
228:   1.0000  0.0000  1
229:   0.9780  0.0220  1
230:   0.0003  0.9997  1

  1:   0.1243  0.8757  1
  2:   0.0000  1.0000  1
  3:   0.0000  1.0000  1
  4:   0.0000  1.0000  1
  5:   0.0000  1.0000  1
  6:   1.0000  0.0000  1
  7:   0.9002  0.0998  1
  8:   0.0000  1.0000  1
  9:   0.0000  1.0000  1
 10:   1.0000  0.0000  1
 11:   0.0000  1.0000  1
 12:   0.0000  1.0000  1
 13:   0.0000  1.0000  1
 14:   1.0000  0.0000  1
 15:   0.0000  1.0000  1
 16:   1.0000  0.0000  1
 17:   0.0000  1.0000  1
 18:   0.0000  1.0000  1
 19:   0.9685  0.0315  1
 20:   0.0000  1.0000  1
 21:   0.0000  1.0000  1
 22:   0.0000  1.0000  1
 23:   1.0000  0.0000  1
 24:   0.9558  0.0442  1
 25:   0.0000  1.0000  1
 26:   1.0000  0.0000  1
 27:   0.0000  1.0000  1
 28:   0.9516  0.0484  1
 29:   0.0000  1.0000  1
 30:   0.0000  1.0000  1
 31:   0.1247  0.8753  1
 32:   0.9778  0.0222  1
 33:   0.8388  0.1612  1
 34:   1.0000  0.0000  1
 35:   0.9110  0.0890  1
 36:   1.0000  0.0000  1
 37:   0.9147  0.0853  1
 38:   0.0000  1.0000  1
 39:   0.9869  0.0131  1
 40:   0.0000  1.0000  1
 41:   0.0000  1.0000  1
 42:   0.0000  1.0000  1
 43:   0.0098  0.9902  1
 44:   0.8443  0.1557  1
 45:   1.0000  0.0000  1
 46:   0.0000  1.0000  1
 47:   0.9202  0.0798  1
 48:   1.0000  0.0000  1
 49:   0.9163  0.0837  1
 50:   0.9774  0.0226  1
 51:   0.0000  1.0000  1
 52:   0.0000  1.0000  1
 53:   0.9661  0.0339  1
 54:   0.3191  0.6809  1
 55:   1.0000  0.0000  1
 56:   0.1613  0.8387  1
 57:   1.0000  0.0000  1
 58:   0.9239  0.0761  1
 59:   0.0000  1.0000  1
 60:   1.0000  0.0000  1
 61:   1.0000  0.0000  1
 62:   0.0000  1.0000  1
 63:   0.9700  0.0300  1
 64:   1.0000  0.0000  1
 65:   0.9041  0.0959  1
 66:   0.0000  1.0000  1
 67:   0.3229  0.6771  1
 68:   0.1685  0.8315  1
 69:   1.0000  0.0000  1
 70:   0.9670  0.0330  1
 71:   0.0000  1.0000  1
 72:   0.0147  0.9853  1
 73:   0.0000  1.0000  1
 74:   0.9224  0.0776  1
 75:   1.0000  0.0000  1
 76:   1.0000  0.0000  1
 77:   0.0000  1.0000  1
 78:   0.1044  0.8956  1
 79:   1.0000  0.0000  1
 80:   0.0000  1.0000  1
 81:   0.0827  0.9173  1
 82:   1.0000  0.0000  1
 83:   0.8709  0.1291  1
 84:   0.9453  0.0547  1
 85:   1.0000  0.0000  1
 86:   0.9253  0.0747  1
 87:   0.0000  1.0000  1
 88:   0.9475  0.0525  1
 89:   1.0000  0.0000  1
 90:   0.0000  1.0000  1
 91:   1.0000  0.0000  1
 92:   1.0000  0.0000  1
 93:   0.1204  0.8796  1
 94:   0.2863  0.7137  1
 95:   0.7326  0.2674  1
 96:   0.0000  1.0000  1
 97:   0.8281  0.1719  1
 98:   0.8520  0.1480  1
 99:   0.4807  0.5193  1
100:   0.1675  0.8325  1
101:   0.0401  0.9599  1
102:   0.0000  1.0000  1
103:   1.0000  0.0000  1
104:   0.0845  0.9155  1
105:   0.1941  0.8059  1
106:   0.0000  1.0000  1
107:   0.0122  0.9878  1
108:   0.0000  1.0000  1
109:   1.0000  0.0000  1
110:   0.0000  1.0000  1
111:   0.0422  0.9578  1
112:   1.0000  0.0000  1
113:   0.7550  0.2450  1
114:   0.7001  0.2999  1
115:   0.9296  0.0704  1
116:   0.1849  0.8151  1
117:   0.0000  1.0000  1
118:   0.9412  0.0588  1
119:   0.0000  1.0000  1
120:   0.0000  1.0000  1
121:   0.0362  0.9638  1
122:   0.0612  0.9388  1
123:   0.0000  1.0000  1
124:   1.0000  0.0000  1
125:   0.9167  0.0833  1
126:   0.0000  1.0000  1
127:   1.0000  0.0000  1
128:   0.1012  0.8988  1
129:   0.0000  1.0000  1
130:   0.1061  0.8939  1
131:   0.0000  1.0000  1
132:   1.0000  0.0000  1
133:   0.0968  0.9032  1
134:   0.0629  0.9371  1
135:   0.0616  0.9384  1
136:   0.0000  1.0000  1
137:   0.0000  1.0000  1
138:   1.0000  0.0000  1
139:   0.1946  0.8054  1
140:   0.0001  0.9999  1
141:   1.0000  0.0000  1
142:   0.3630  0.6370  1
143:   0.0000  1.0000  1
144:   0.0000  1.0000  1
145:   0.0786  0.9214  1
146:   1.0000  0.0000  1
147:   0.9739  0.0261  1
148:   0.5584  0.4416  1
149:   0.0000  1.0000  1
150:   0.0000  1.0000  1
151:   0.7580  0.2420  1
152:   0.2528  0.7472  1
153:   0.0000  1.0000  1
154:   0.0000  1.0000  1
155:   0.0284  0.9716  1
156:   0.0000  1.0000  1
157:   0.0000  1.0000  1
158:   0.7626  0.2374  1
159:   0.2206  0.7794  1
160:   0.0723  0.9277  1
161:   0.7651  0.2349  1
162:   0.8559  0.1441  1
163:   0.0016  0.9984  1
164:   0.0586  0.9414  1
165:   0.6994  0.3006  1
166:   0.0000  1.0000  1
167:   0.1999  0.8001  1
168:   1.0000  0.0000  1
169:   0.0000  1.0000  1
170:   0.8282  0.1718  1
171:   0.2370  0.7630  1
172:   0.0473  0.9527  1
173:   0.0000  1.0000  1
174:   0.0000  1.0000  1
175:   0.0000  1.0000  1
176:   0.3160  0.6840  1
177:   0.0000  1.0000  1
178:   0.2687  0.7313  1
179:   0.0737  0.9263  1
180:   0.2756  0.7244  1
181:   0.0000  1.0000  1
182:   0.0000  1.0000  1
183:   0.0000  1.0000  1
184:   0.5850  0.4150  1
185:   0.0000  1.0000  1
186:   0.0000  1.0000  1
187:   0.9151  0.0849  1
188:   1.0000  0.0000  1
189:   1.0000  0.0000  1
190:   0.0000  1.0000  1
191:   0.2450  0.7550  1
192:   1.0000  0.0000  1
193:   0.1114  0.8886  1
194:   0.1523  0.8477  1
195:   0.9530  0.0470  1
196:   0.0000  1.0000  1
197:   0.1981  0.8019  1
198:   0.0000  1.0000  1
199:   0.5511  0.4489  1
200:   0.3404  0.6596  1
201:   0.8675  0.1325  1
202:   0.3290  0.6710  1
203:   0.0000  1.0000  1
204:   0.2969  0.7031  1
205:   0.3156  0.6844  1
206:   0.8432  0.1568  1
207:   0.2091  0.7909  1
208:   0.3309  0.6691  1
209:   0.0000  1.0000  1
210:   0.0000  1.0000  1
211:   0.1884  0.8116  1
212:   1.0000  0.0000  1
213:   0.0034  0.9966  1
214:   1.0000  0.0000  1
215:   0.0006  0.9994  1
216:   1.0000  0.0000  1
217:   0.6675  0.3325  1
218:   1.0000  0.0000  1
219:   0.4082  0.5918  1
220:   0.1133  0.8867  1
221:   0.0000  1.0000  1
222:   0.2247  0.7753  1
223:   0.0000  1.0000  1
224:   0.2373  0.7627  1
225:   0.4680  0.5320  1
226:   0.3918  0.6082  1
227:   0.5255  0.4745  1
228:   1.0000  0.0000  1
229:   0.9780  0.0220  1
230:   0.0003  0.9997  1

