  1:   0.2691  0.7309  1
  2:   0.5076  0.4924  1
  3:   0.9132  0.0868  1
  4:   0.4809  0.5191  1
  5:   1.0000  0.0000  1
  6:   0.0000  1.0000  1
  7:   1.0000  0.0000  1
  8:   0.0000  1.0000  1
  9:   0.2061  0.7939  1
 10:   0.7993  0.2007  1
 11:   0.3746  0.6254  1
 12:   0.0000  1.0000  1
 13:   1.0000  0.0000  1
 14:   1.0000  0.0000  1
 15:   0.7899  0.2101  1
 16:   0.0000  1.0000  1
 17:   1.0000  0.0000  1
 18:   0.8936  0.1064  1
 19:   0.9245  0.0755  1
 20:   0.5524  0.4476  1
 21:   1.0000  0.0000  1
 22:   0.0000  1.0000  1
 23:   1.0000  0.0000  1
 24:   1.0000  0.0000  1
 25:   1.0000  0.0000  1
 26:   1.0000  0.0000  1
 27:   1.0000  0.0000  1
 28:   0.3836  0.6164  1
 29:   0.4222  0.5778  1
 30:   1.0000  0.0000  1
 31:   0.9352  0.0648  1
 32:   0.6194  0.3806  1
 33:   1.0000  0.0000  1
 34:   0.0000  1.0000  1
 35:   1.0000  0.0000  1
 36:   1.0000  0.0000  1
 37:   0.0000  1.0000  1
 38:   1.0000  0.0000  1
 39:   1.0000  0.0000  1
 40:   1.0000  0.0000  1
 41:   0.4622  0.5378  1
 42:   1.0000  0.0000  1
 43:   0.0000  1.0000  1
 44:   0.0000  1.0000  1
 45:   1.0000  0.0000  1
 46:   0.4904  0.5096  1
 47:   1.0000  0.0000  1
 48:   1.0000  0.0000  1
 49:   1.0000  0.0000  1
 50:   0.0000  1.0000  1
 51:   1.0000  0.0000  1
 52:   1.0000  0.0000  1
 53:   0.1172  0.8828  1
 54:   1.0000  0.0000  1
 55:   0.0000  1.0000  1
 56:   0.9096  0.0904  1
 57:   1.0000  0.0000  1
 58:   0.0423  0.9577  1
 59:   1.0000  0.0000  1
 60:   0.1761  0.8239  1
 61:   0.0000  1.0000  1
 62:   1.0000  0.0000  1
 63:   0.7623  0.2377  1
 64:   0.0000  1.0000  1
 65:   0.4187  0.5813  1
 66:   1.0000  0.0000  1
 67:   0.5652  0.4348  1
 68:   0.6225  0.3775  1
 69:   1.0000  0.0000  1
 70:   0.0000  1.0000  1
 71:   0.6563  0.3437  1
 72:   0.0000  1.0000  1
 73:   0.6476  0.3524  1
 74:   0.2254  0.7746  1
 75:   0.6589  0.3411  1
 76:   1.0000  0.0000  1
 77:   0.0000  1.0000  1
 78:   0.0000  1.0000  1
 79:   0.2982  0.7018  1
 80:   1.0000  0.0000  1
 81:   0.5602  0.4398  1
 82:   0.0000  1.0000  1
 83:   1.0000  0.0000  1
 84:   0.2770  0.7230  1
 85:   1.0000  0.0000  1
 86:   1.0000  0.0000  1
 87:   0.0000  1.0000  1
 88:   0.5470  0.4530  1
 89:   0.6072  0.3928  1
 90:   0.3689  0.6311  1
 91:   0.0000  1.0000  1
 92:   0.8363  0.1637  1
 93:   1.0000  0.0000  1
 94:   1.0000  0.0000  1
 95:   1.0000  0.0000  1
 96:   0.0000  1.0000  1
 97:   0.5243  0.4757  1
 98:   0.4451  0.5549  1
 99:   0.5206  0.4794  1
100:   1.0000  0.0000  1
101:   0.6122  0.3878  1
102:   0.5173  0.4827  1
103:   0.9172  0.0828  1
104:   0.0000  1.0000  1
105:   0.2798  0.7202  1
106:   0.6250  0.3750  1
107:   0.9997  0.0003  1
108:   0.3775  0.6225  1
109:   1.0000  0.0000  1
110:   1.0000  0.0000  1
111:   1.0000  0.0000  1
112:   0.8846  0.1154  1
113:   1.0000  0.0000  1
114:   0.5294  0.4706  1
115:   0.3207  0.6793  1
116:   0.5261  0.4739  1
117:   1.0000  0.0000  1
118:   1.0000  0.0000  1
119:   0.7261  0.2739  1
120:   0.5334  0.4666  1
121:   0.3941  0.6059  1
122:   0.5270  0.4730  1
123:   0.5288  0.4712  1
124:   0.9106  0.0894  1
125:   1.0000  0.0000  1
126:   0.5261  0.4739  1
127:   0.1706  0.8294  1
128:   0.0730  0.9270  1
129:   1.0000  0.0000  1
130:   0.0000  1.0000  1
131:   1.0000  0.0000  1
132:   0.4527  0.5473  1
133:   0.0000  1.0000  1
134:   0.5327  0.4673  1
135:   0.9247  0.0753  1
136:   0.7325  0.2675  1
137:   1.0000  0.0000  1
138:   0.5157  0.4843  1
139:   1.0000  0.0000  1
140:   1.0000  0.0000  1
141:   0.6929  0.3071  1
142:   0.4543  0.5457  1
143:   1.0000  0.0000  1
144:   0.6229  0.3771  1
145:   0.3405  0.6595  1
146:   1.0000  0.0000  1
147:   0.7206  0.2794  1
148:   0.7929  0.2071  1
149:   0.0000  1.0000  1
150:   0.0000  1.0000  1
151:   0.3834  0.6166  1
152:   0.6572  0.3428  1
153:   0.2704  0.7296  1
154:   0.8377  0.1623  1
155:   0.5664  0.4336  1
156:   0.7502  0.2498  1
157:   1.0000  0.0000  1
158:   0.6179  0.3821  1
159:   0.6195  0.3805  1
160:   0.0000  1.0000  1
161:   0.4455  0.5545  1
162:   1.0000  0.0000  1
163:   0.8728  0.1272  1
164:   0.7881  0.2119  1
165:   0.3242  0.6758  1
166:   0.9264  0.0736  1
167:   0.5326  0.4674  1
168:   1.0000  0.0000  1
169:   1.0000  0.0000  1
170:   0.4488  0.5512  1
171:   0.8294  0.1706  1
172:   1.0000  0.0000  1
173:   0.0000  1.0000  1
174:   1.0000  0.0000  1
175:   1.0000  0.0000  1
176:   1.0000  0.0000  1
177:   0.7683  0.2317  1
178:   1.0000  0.0000  1
179:   1.0000  0.0000  1
180:   1.0000  0.0000  1
181:   0.9514  0.0486  1
182:   1.0000  0.0000  1
183:   0.9170  0.0830  1
184:   1.0000  0.0000  1
185:   0.7701  0.2299  1
186:   0.7452  0.2548  1
187:   1.0000  0.0000  1
188:   0.8139  0.1861  1
189:   0.8603  0.1397  1
190:   1.0000  0.0000  1
191:   0.0000  1.0000  1
192:   0.6594  0.3406  1
193:   0.9933  0.0067  1
194:   0.9670  0.0330  1
195:   0.4819  0.5181  1
196:   0.5188  0.4812  1
197:   0.0000  1.0000  1
198:   0.0000  1.0000  1
199:   0.0000  1.0000  1
200:   0.5293  0.4707  1
201:   0.7456  0.2544  1
202:   0.3222  0.6778  1
203:   0.0000  1.0000  1
204:   0.0000  1.0000  1
205:   0.4055  0.5945  1
206:   0.0000  1.0000  1
207:   0.4367  0.5633  1
208:   0.0000  1.0000  1
209:   0.0000  1.0000  1
210:   0.0000  1.0000  1
211:   0.0000  1.0000  1
212:   0.8241  0.1759  1
213:   1.0000  0.0000  1
214:   0.3718  0.6282  1
215:   0.7968  0.2032  1
216:   0.0000  1.0000  1
217:   0.0000  1.0000  1
218:   0.9091  0.0909  1
219:   0.2879  0.7121  1
220:   0.0000  1.0000  1
221:   1.0000  0.0000  1
222:   0.0000  1.0000  1
223:   1.0000  0.0000  1
224:   0.6372  0.3628  1
225:   1.0000  0.0000  1
226:   0.3997  0.6003  1
227:   0.0000  1.0000  1
228:   0.8180  0.1820  1
229:   0.6188  0.3812  1
230:   1.0000  0.0000  1
231:   1.0000  0.0000  1
232:   0.0000  1.0000  1
233:   0.7613  0.2387  1
234:   0.6753  0.3247  1
235:   1.0000  0.0000  1
236:   0.0000  1.0000  1
237:   1.0000  0.0000  1
238:   0.0000  1.0000  1
239:   0.5552  0.4448  1
240:   0.6471  0.3529  1
241:   0.0000  1.0000  1
242:   1.0000  0.0000  1
243:   0.4449  0.5551  1
244:   0.2237  0.7763  1
245:   0.5076  0.4924  1
246:   0.7529  0.2471  1
247:   0.0000  1.0000  1
248:   0.6618  0.3382  1
249:   0.7555  0.2445  1
250:   0.3334  0.6666  1
251:   1.0000  0.0000  1
252:   0.5098  0.4902  1
253:   0.5412  0.4588  1
254:   0.9277  0.0723  1
255:   1.0000  0.0000  1
256:   0.0000  1.0000  1
257:   0.5019  0.4981  1
258:   0.6216  0.3784  1
259:   0.0000  1.0000  1
260:   0.0000  1.0000  1
261:   0.4162  0.5838  1
262:   0.4493  0.5507  1

  1:   0.2691  0.7309  1
  2:   0.5076  0.4924  1
  3:   0.9132  0.0868  1
  4:   0.4809  0.5191  1
  5:   1.0000  0.0000  1
  6:   0.0000  1.0000  1
  7:   1.0000  0.0000  1
  8:   0.0000  1.0000  1
  9:   0.2061  0.7939  1
 10:   0.7993  0.2007  1
 11:   0.3746  0.6254  1
 12:   0.0000  1.0000  1
 13:   1.0000  0.0000  1
 14:   1.0000  0.0000  1
 15:   0.7899  0.2101  1
 16:   0.0000  1.0000  1
 17:   1.0000  0.0000  1
 18:   0.8936  0.1064  1
 19:   0.9245  0.0755  1
 20:   0.5524  0.4476  1
 21:   1.0000  0.0000  1
 22:   0.0000  1.0000  1
 23:   1.0000  0.0000  1
 24:   1.0000  0.0000  1
 25:   1.0000  0.0000  1
 26:   1.0000  0.0000  1
 27:   1.0000  0.0000  1
 28:   0.3836  0.6164  1
 29:   0.4222  0.5778  1
 30:   1.0000  0.0000  1
 31:   0.9352  0.0648  1
 32:   0.6194  0.3806  1
 33:   1.0000  0.0000  1
 34:   0.0000  1.0000  1
 35:   1.0000  0.0000  1
 36:   1.0000  0.0000  1
 37:   0.0000  1.0000  1
 38:   1.0000  0.0000  1
 39:   1.0000  0.0000  1
 40:   1.0000  0.0000  1
 41:   0.4622  0.5378  1
 42:   1.0000  0.0000  1
 43:   0.0000  1.0000  1
 44:   0.0000  1.0000  1
 45:   1.0000  0.0000  1
 46:   0.4904  0.5096  1
 47:   1.0000  0.0000  1
 48:   1.0000  0.0000  1
 49:   1.0000  0.0000  1
 50:   0.0000  1.0000  1
 51:   1.0000  0.0000  1
 52:   1.0000  0.0000  1
 53:   0.1172  0.8828  1
 54:   1.0000  0.0000  1
 55:   0.0000  1.0000  1
 56:   0.9096  0.0904  1
 57:   1.0000  0.0000  1
 58:   0.0423  0.9577  1
 59:   1.0000  0.0000  1
 60:   0.1761  0.8239  1
 61:   0.0000  1.0000  1
 62:   1.0000  0.0000  1
 63:   0.7623  0.2377  1
 64:   0.0000  1.0000  1
 65:   0.4187  0.5813  1
 66:   1.0000  0.0000  1
 67:   0.5652  0.4348  1
 68:   0.6225  0.3775  1
 69:   1.0000  0.0000  1
 70:   0.0000  1.0000  1
 71:   0.6563  0.3437  1
 72:   0.0000  1.0000  1
 73:   0.6476  0.3524  1
 74:   0.2254  0.7746  1
 75:   0.6589  0.3411  1
 76:   1.0000  0.0000  1
 77:   0.0000  1.0000  1
 78:   0.0000  1.0000  1
 79:   0.2982  0.7018  1
 80:   1.0000  0.0000  1
 81:   0.5602  0.4398  1
 82:   0.0000  1.0000  1
 83:   1.0000  0.0000  1
 84:   0.2770  0.7230  1
 85:   1.0000  0.0000  1
 86:   1.0000  0.0000  1
 87:   0.0000  1.0000  1
 88:   0.5470  0.4530  1
 89:   0.6072  0.3928  1
 90:   0.3689  0.6311  1
 91:   0.0000  1.0000  1
 92:   0.8363  0.1637  1
 93:   1.0000  0.0000  1
 94:   1.0000  0.0000  1
 95:   1.0000  0.0000  1
 96:   0.0000  1.0000  1
 97:   0.5243  0.4757  1
 98:   0.4451  0.5549  1
 99:   0.5206  0.4794  1
100:   1.0000  0.0000  1
101:   0.6122  0.3878  1
102:   0.5173  0.4827  1
103:   0.9172  0.0828  1
104:   0.0000  1.0000  1
105:   0.2798  0.7202  1
106:   0.6250  0.3750  1
107:   0.9997  0.0003  1
108:   0.3775  0.6225  1
109:   1.0000  0.0000  1
110:   1.0000  0.0000  1
111:   1.0000  0.0000  1
112:   0.8846  0.1154  1
113:   1.0000  0.0000  1
114:   0.5294  0.4706  1
115:   0.3207  0.6793  1
116:   0.5261  0.4739  1
117:   1.0000  0.0000  1
118:   1.0000  0.0000  1
119:   0.7261  0.2739  1
120:   0.5334  0.4666  1
121:   0.3941  0.6059  1
122:   0.5270  0.4730  1
123:   0.5288  0.4712  1
124:   0.9106  0.0894  1
125:   1.0000  0.0000  1
126:   0.5261  0.4739  1
127:   0.1706  0.8294  1
128:   0.0730  0.9270  1
129:   1.0000  0.0000  1
130:   0.0000  1.0000  1
131:   1.0000  0.0000  1
132:   0.4527  0.5473  1
133:   0.0000  1.0000  1
134:   0.5327  0.4673  1
135:   0.9247  0.0753  1
136:   0.7325  0.2675  1
137:   1.0000  0.0000  1
138:   0.5157  0.4843  1
139:   1.0000  0.0000  1
140:   1.0000  0.0000  1
141:   0.6929  0.3071  1
142:   0.4543  0.5457  1
143:   1.0000  0.0000  1
144:   0.6229  0.3771  1
145:   0.3405  0.6595  1
146:   1.0000  0.0000  1
147:   0.7206  0.2794  1
148:   0.7929  0.2071  1
149:   0.0000  1.0000  1
150:   0.0000  1.0000  1
151:   0.3834  0.6166  1
152:   0.6572  0.3428  1
153:   0.2704  0.7296  1
154:   0.8377  0.1623  1
155:   0.5664  0.4336  1
156:   0.7502  0.2498  1
157:   1.0000  0.0000  1
158:   0.6179  0.3821  1
159:   0.6195  0.3805  1
160:   0.0000  1.0000  1
161:   0.4455  0.5545  1
162:   1.0000  0.0000  1
163:   0.8728  0.1272  1
164:   0.7881  0.2119  1
165:   0.3242  0.6758  1
166:   0.9264  0.0736  1
167:   0.5326  0.4674  1
168:   1.0000  0.0000  1
169:   1.0000  0.0000  1
170:   0.4488  0.5512  1
171:   0.8294  0.1706  1
172:   1.0000  0.0000  1
173:   0.0000  1.0000  1
174:   1.0000  0.0000  1
175:   1.0000  0.0000  1
176:   1.0000  0.0000  1
177:   0.7683  0.2317  1
178:   1.0000  0.0000  1
179:   1.0000  0.0000  1
180:   1.0000  0.0000  1
181:   0.9514  0.0486  1
182:   1.0000  0.0000  1
183:   0.9170  0.0830  1
184:   1.0000  0.0000  1
185:   0.7701  0.2299  1
186:   0.7452  0.2548  1
187:   1.0000  0.0000  1
188:   0.8139  0.1861  1
189:   0.8603  0.1397  1
190:   1.0000  0.0000  1
191:   0.0000  1.0000  1
192:   0.6594  0.3406  1
193:   0.9933  0.0067  1
194:   0.9670  0.0330  1
195:   0.4819  0.5181  1
196:   0.5188  0.4812  1
197:   0.0000  1.0000  1
198:   0.0000  1.0000  1
199:   0.0000  1.0000  1
200:   0.5293  0.4707  1
201:   0.7456  0.2544  1
202:   0.3222  0.6778  1
203:   0.0000  1.0000  1
204:   0.0000  1.0000  1
205:   0.4055  0.5945  1
206:   0.0000  1.0000  1
207:   0.4367  0.5633  1
208:   0.0000  1.0000  1
209:   0.0000  1.0000  1
210:   0.0000  1.0000  1
211:   0.0000  1.0000  1
212:   0.8241  0.1759  1
213:   1.0000  0.0000  1
214:   0.3718  0.6282  1
215:   0.7968  0.2032  1
216:   0.0000  1.0000  1
217:   0.0000  1.0000  1
218:   0.9091  0.0909  1
219:   0.2879  0.7121  1
220:   0.0000  1.0000  1
221:   1.0000  0.0000  1
222:   0.0000  1.0000  1
223:   1.0000  0.0000  1
224:   0.6372  0.3628  1
225:   1.0000  0.0000  1
226:   0.3997  0.6003  1
227:   0.0000  1.0000  1
228:   0.8180  0.1820  1
229:   0.6188  0.3812  1
230:   1.0000  0.0000  1
231:   1.0000  0.0000  1
232:   0.0000  1.0000  1
233:   0.7613  0.2387  1
234:   0.6753  0.3247  1
235:   1.0000  0.0000  1
236:   0.0000  1.0000  1
237:   1.0000  0.0000  1
238:   0.0000  1.0000  1
239:   0.5552  0.4448  1
240:   0.6471  0.3529  1
241:   0.0000  1.0000  1
242:   1.0000  0.0000  1
243:   0.4449  0.5551  1
244:   0.2237  0.7763  1
245:   0.5076  0.4924  1
246:   0.7529  0.2471  1
247:   0.0000  1.0000  1
248:   0.6618  0.3382  1
249:   0.7555  0.2445  1
250:   0.3334  0.6666  1
251:   1.0000  0.0000  1
252:   0.5098  0.4902  1
253:   0.5412  0.4588  1
254:   0.9277  0.0723  1
255:   1.0000  0.0000  1
256:   0.0000  1.0000  1
257:   0.5019  0.4981  1
258:   0.6216  0.3784  1
259:   0.0000  1.0000  1
260:   0.0000  1.0000  1
261:   0.4162  0.5838  1
262:   0.4493  0.5507  1

  1:   0.2691  0.7309  1
  2:   0.5076  0.4924  1
  3:   0.9132  0.0868  1
  4:   0.4809  0.5191  1
  5:   1.0000  0.0000  1
  6:   0.0000  1.0000  1
  7:   1.0000  0.0000  1
  8:   0.0000  1.0000  1
  9:   0.2061  0.7939  1
 10:   0.7993  0.2007  1
 11:   0.3746  0.6254  1
 12:   0.0000  1.0000  1
 13:   1.0000  0.0000  1
 14:   1.0000  0.0000  1
 15:   0.7899  0.2101  1
 16:   0.0000  1.0000  1
 17:   1.0000  0.0000  1
 18:   0.8936  0.1064  1
 19:   0.9245  0.0755  1
 20:   0.5524  0.4476  1
 21:   1.0000  0.0000  1
 22:   0.0000  1.0000  1
 23:   1.0000  0.0000  1
 24:   1.0000  0.0000  1
 25:   1.0000  0.0000  1
 26:   1.0000  0.0000  1
 27:   1.0000  0.0000  1
 28:   0.3836  0.6164  1
 29:   0.4222  0.5778  1
 30:   1.0000  0.0000  1
 31:   0.9352  0.0648  1
 32:   0.6194  0.3806  1
 33:   1.0000  0.0000  1
 34:   0.0000  1.0000  1
 35:   1.0000  0.0000  1
 36:   1.0000  0.0000  1
 37:   0.0000  1.0000  1
 38:   1.0000  0.0000  1
 39:   1.0000  0.0000  1
 40:   1.0000  0.0000  1
 41:   0.4622  0.5378  1
 42:   1.0000  0.0000  1
 43:   0.0000  1.0000  1
 44:   0.0000  1.0000  1
 45:   1.0000  0.0000  1
 46:   0.4904  0.5096  1
 47:   1.0000  0.0000  1
 48:   1.0000  0.0000  1
 49:   1.0000  0.0000  1
 50:   0.0000  1.0000  1
 51:   1.0000  0.0000  1
 52:   1.0000  0.0000  1
 53:   0.1172  0.8828  1
 54:   1.0000  0.0000  1
 55:   0.0000  1.0000  1
 56:   0.9096  0.0904  1
 57:   1.0000  0.0000  1
 58:   0.0423  0.9577  1
 59:   1.0000  0.0000  1
 60:   0.1761  0.8239  1
 61:   0.0000  1.0000  1
 62:   1.0000  0.0000  1
 63:   0.7623  0.2377  1
 64:   0.0000  1.0000  1
 65:   0.4187  0.5813  1
 66:   1.0000  0.0000  1
 67:   0.5652  0.4348  1
 68:   0.6225  0.3775  1
 69:   1.0000  0.0000  1
 70:   0.0000  1.0000  1
 71:   0.6563  0.3437  1
 72:   0.0000  1.0000  1
 73:   0.6476  0.3524  1
 74:   0.2254  0.7746  1
 75:   0.6589  0.3411  1
 76:   1.0000  0.0000  1
 77:   0.0000  1.0000  1
 78:   0.0000  1.0000  1
 79:   0.2982  0.7018  1
 80:   1.0000  0.0000  1
 81:   0.5602  0.4398  1
 82:   0.0000  1.0000  1
 83:   1.0000  0.0000  1
 84:   0.2770  0.7230  1
 85:   1.0000  0.0000  1
 86:   1.0000  0.0000  1
 87:   0.0000  1.0000  1
 88:   0.5470  0.4530  1
 89:   0.6072  0.3928  1
 90:   0.3689  0.6311  1
 91:   0.0000  1.0000  1
 92:   0.8363  0.1637  1
 93:   1.0000  0.0000  1
 94:   1.0000  0.0000  1
 95:   1.0000  0.0000  1
 96:   0.0000  1.0000  1
 97:   0.5243  0.4757  1
 98:   0.4451  0.5549  1
 99:   0.5206  0.4794  1
100:   1.0000  0.0000  1
101:   0.6122  0.3878  1
102:   0.5173  0.4827  1
103:   0.9172  0.0828  1
104:   0.0000  1.0000  1
105:   0.2798  0.7202  1
106:   0.6250  0.3750  1
107:   0.9997  0.0003  1
108:   0.3775  0.6225  1
109:   1.0000  0.0000  1
110:   1.0000  0.0000  1
111:   1.0000  0.0000  1
112:   0.8846  0.1154  1
113:   1.0000  0.0000  1
114:   0.5294  0.4706  1
115:   0.3207  0.6793  1
116:   0.5261  0.4739  1
117:   1.0000  0.0000  1
118:   1.0000  0.0000  1
119:   0.7261  0.2739  1
120:   0.5334  0.4666  1
121:   0.3941  0.6059  1
122:   0.5270  0.4730  1
123:   0.5288  0.4712  1
124:   0.9106  0.0894  1
125:   1.0000  0.0000  1
126:   0.5261  0.4739  1
127:   0.1706  0.8294  1
128:   0.0730  0.9270  1
129:   1.0000  0.0000  1
130:   0.0000  1.0000  1
131:   1.0000  0.0000  1
132:   0.4527  0.5473  1
133:   0.0000  1.0000  1
134:   0.5327  0.4673  1
135:   0.9247  0.0753  1
136:   0.7325  0.2675  1
137:   1.0000  0.0000  1
138:   0.5157  0.4843  1
139:   1.0000  0.0000  1
140:   1.0000  0.0000  1
141:   0.6929  0.3071  1
142:   0.4543  0.5457  1
143:   1.0000  0.0000  1
144:   0.6229  0.3771  1
145:   0.3405  0.6595  1
146:   1.0000  0.0000  1
147:   0.7206  0.2794  1
148:   0.7929  0.2071  1
149:   0.0000  1.0000  1
150:   0.0000  1.0000  1
151:   0.3834  0.6166  1
152:   0.6572  0.3428  1
153:   0.2704  0.7296  1
154:   0.8377  0.1623  1
155:   0.5664  0.4336  1
156:   0.7502  0.2498  1
157:   1.0000  0.0000  1
158:   0.6179  0.3821  1
159:   0.6195  0.3805  1
160:   0.0000  1.0000  1
161:   0.4455  0.5545  1
162:   1.0000  0.0000  1
163:   0.8728  0.1272  1
164:   0.7881  0.2119  1
165:   0.3242  0.6758  1
166:   0.9264  0.0736  1
167:   0.5326  0.4674  1
168:   1.0000  0.0000  1
169:   1.0000  0.0000  1
170:   0.4488  0.5512  1
171:   0.8294  0.1706  1
172:   1.0000  0.0000  1
173:   0.0000  1.0000  1
174:   1.0000  0.0000  1
175:   1.0000  0.0000  1
176:   1.0000  0.0000  1
177:   0.7683  0.2317  1
178:   1.0000  0.0000  1
179:   1.0000  0.0000  1
180:   1.0000  0.0000  1
181:   0.9514  0.0486  1
182:   1.0000  0.0000  1
183:   0.9170  0.0830  1
184:   1.0000  0.0000  1
185:   0.7701  0.2299  1
186:   0.7452  0.2548  1
187:   1.0000  0.0000  1
188:   0.8139  0.1861  1
189:   0.8603  0.1397  1
190:   1.0000  0.0000  1
191:   0.0000  1.0000  1
192:   0.6594  0.3406  1
193:   0.9933  0.0067  1
194:   0.9670  0.0330  1
195:   0.4819  0.5181  1
196:   0.5188  0.4812  1
197:   0.0000  1.0000  1
198:   0.0000  1.0000  1
199:   0.0000  1.0000  1
200:   0.5293  0.4707  1
201:   0.7456  0.2544  1
202:   0.3222  0.6778  1
203:   0.0000  1.0000  1
204:   0.0000  1.0000  1
205:   0.4055  0.5945  1
206:   0.0000  1.0000  1
207:   0.4367  0.5633  1
208:   0.0000  1.0000  1
209:   0.0000  1.0000  1
210:   0.0000  1.0000  1
211:   0.0000  1.0000  1
212:   0.8241  0.1759  1
213:   1.0000  0.0000  1
214:   0.3718  0.6282  1
215:   0.7968  0.2032  1
216:   0.0000  1.0000  1
217:   0.0000  1.0000  1
218:   0.9091  0.0909  1
219:   0.2879  0.7121  1
220:   0.0000  1.0000  1
221:   1.0000  0.0000  1
222:   0.0000  1.0000  1
223:   1.0000  0.0000  1
224:   0.6372  0.3628  1
225:   1.0000  0.0000  1
226:   0.3997  0.6003  1
227:   0.0000  1.0000  1
228:   0.8180  0.1820  1
229:   0.6188  0.3812  1
230:   1.0000  0.0000  1
231:   1.0000  0.0000  1
232:   0.0000  1.0000  1
233:   0.7613  0.2387  1
234:   0.6753  0.3247  1
235:   1.0000  0.0000  1
236:   0.0000  1.0000  1
237:   1.0000  0.0000  1
238:   0.0000  1.0000  1
239:   0.5552  0.4448  1
240:   0.6471  0.3529  1
241:   0.0000  1.0000  1
242:   1.0000  0.0000  1
243:   0.4449  0.5551  1
244:   0.2237  0.7763  1
245:   0.5076  0.4924  1
246:   0.7529  0.2471  1
247:   0.0000  1.0000  1
248:   0.6618  0.3382  1
249:   0.7555  0.2445  1
250:   0.3334  0.6666  1
251:   1.0000  0.0000  1
252:   0.5098  0.4902  1
253:   0.5412  0.4588  1
254:   0.9277  0.0723  1
255:   1.0000  0.0000  1
256:   0.0000  1.0000  1
257:   0.5019  0.4981  1
258:   0.6216  0.3784  1
259:   0.0000  1.0000  1
260:   0.0000  1.0000  1
261:   0.4162  0.5838  1
262:   0.4493  0.5507  1

  1:   0.2691  0.7309  1
  2:   0.5076  0.4924  1
  3:   0.9132  0.0868  1
  4:   0.4809  0.5191  1
  5:   1.0000  0.0000  1
  6:   0.0000  1.0000  1
  7:   1.0000  0.0000  1
  8:   0.0000  1.0000  1
  9:   0.2061  0.7939  1
 10:   0.7993  0.2007  1
 11:   0.3746  0.6254  1
 12:   0.0000  1.0000  1
 13:   1.0000  0.0000  1
 14:   1.0000  0.0000  1
 15:   0.7899  0.2101  1
 16:   0.0000  1.0000  1
 17:   1.0000  0.0000  1
 18:   0.8936  0.1064  1
 19:   0.9245  0.0755  1
 20:   0.5524  0.4476  1
 21:   1.0000  0.0000  1
 22:   0.0000  1.0000  1
 23:   1.0000  0.0000  1
 24:   1.0000  0.0000  1
 25:   1.0000  0.0000  1
 26:   1.0000  0.0000  1
 27:   1.0000  0.0000  1
 28:   0.3836  0.6164  1
 29:   0.4222  0.5778  1
 30:   1.0000  0.0000  1
 31:   0.9352  0.0648  1
 32:   0.6194  0.3806  1
 33:   1.0000  0.0000  1
 34:   0.0000  1.0000  1
 35:   1.0000  0.0000  1
 36:   1.0000  0.0000  1
 37:   0.0000  1.0000  1
 38:   1.0000  0.0000  1
 39:   1.0000  0.0000  1
 40:   1.0000  0.0000  1
 41:   0.4622  0.5378  1
 42:   1.0000  0.0000  1
 43:   0.0000  1.0000  1
 44:   0.0000  1.0000  1
 45:   1.0000  0.0000  1
 46:   0.4904  0.5096  1
 47:   1.0000  0.0000  1
 48:   1.0000  0.0000  1
 49:   1.0000  0.0000  1
 50:   0.0000  1.0000  1
 51:   1.0000  0.0000  1
 52:   1.0000  0.0000  1
 53:   0.1172  0.8828  1
 54:   1.0000  0.0000  1
 55:   0.0000  1.0000  1
 56:   0.9096  0.0904  1
 57:   1.0000  0.0000  1
 58:   0.0423  0.9577  1
 59:   1.0000  0.0000  1
 60:   0.1761  0.8239  1
 61:   0.0000  1.0000  1
 62:   1.0000  0.0000  1
 63:   0.7623  0.2377  1
 64:   0.0000  1.0000  1
 65:   0.4187  0.5813  1
 66:   1.0000  0.0000  1
 67:   0.5652  0.4348  1
 68:   0.6225  0.3775  1
 69:   1.0000  0.0000  1
 70:   0.0000  1.0000  1
 71:   0.6563  0.3437  1
 72:   0.0000  1.0000  1
 73:   0.6476  0.3524  1
 74:   0.2254  0.7746  1
 75:   0.6589  0.3411  1
 76:   1.0000  0.0000  1
 77:   0.0000  1.0000  1
 78:   0.0000  1.0000  1
 79:   0.2982  0.7018  1
 80:   1.0000  0.0000  1
 81:   0.5602  0.4398  1
 82:   0.0000  1.0000  1
 83:   1.0000  0.0000  1
 84:   0.2770  0.7230  1
 85:   1.0000  0.0000  1
 86:   1.0000  0.0000  1
 87:   0.0000  1.0000  1
 88:   0.5470  0.4530  1
 89:   0.6072  0.3928  1
 90:   0.3689  0.6311  1
 91:   0.0000  1.0000  1
 92:   0.8363  0.1637  1
 93:   1.0000  0.0000  1
 94:   1.0000  0.0000  1
 95:   1.0000  0.0000  1
 96:   0.0000  1.0000  1
 97:   0.5243  0.4757  1
 98:   0.4451  0.5549  1
 99:   0.5206  0.4794  1
100:   1.0000  0.0000  1
101:   0.6122  0.3878  1
102:   0.5173  0.4827  1
103:   0.9172  0.0828  1
104:   0.0000  1.0000  1
105:   0.2798  0.7202  1
106:   0.6250  0.3750  1
107:   0.9997  0.0003  1
108:   0.3775  0.6225  1
109:   1.0000  0.0000  1
110:   1.0000  0.0000  1
111:   1.0000  0.0000  1
112:   0.8846  0.1154  1
113:   1.0000  0.0000  1
114:   0.5294  0.4706  1
115:   0.3207  0.6793  1
116:   0.5261  0.4739  1
117:   1.0000  0.0000  1
118:   1.0000  0.0000  1
119:   0.7261  0.2739  1
120:   0.5334  0.4666  1
121:   0.3941  0.6059  1
122:   0.5270  0.4730  1
123:   0.5288  0.4712  1
124:   0.9106  0.0894  1
125:   1.0000  0.0000  1
126:   0.5261  0.4739  1
127:   0.1706  0.8294  1
128:   0.0730  0.9270  1
129:   1.0000  0.0000  1
130:   0.0000  1.0000  1
131:   1.0000  0.0000  1
132:   0.4527  0.5473  1
133:   0.0000  1.0000  1
134:   0.5327  0.4673  1
135:   0.9247  0.0753  1
136:   0.7325  0.2675  1
137:   1.0000  0.0000  1
138:   0.5157  0.4843  1
139:   1.0000  0.0000  1
140:   1.0000  0.0000  1
141:   0.6929  0.3071  1
142:   0.4543  0.5457  1
143:   1.0000  0.0000  1
144:   0.6229  0.3771  1
145:   0.3405  0.6595  1
146:   1.0000  0.0000  1
147:   0.7206  0.2794  1
148:   0.7929  0.2071  1
149:   0.0000  1.0000  1
150:   0.0000  1.0000  1
151:   0.3834  0.6166  1
152:   0.6572  0.3428  1
153:   0.2704  0.7296  1
154:   0.8377  0.1623  1
155:   0.5664  0.4336  1
156:   0.7502  0.2498  1
157:   1.0000  0.0000  1
158:   0.6179  0.3821  1
159:   0.6195  0.3805  1
160:   0.0000  1.0000  1
161:   0.4455  0.5545  1
162:   1.0000  0.0000  1
163:   0.8728  0.1272  1
164:   0.7881  0.2119  1
165:   0.3242  0.6758  1
166:   0.9264  0.0736  1
167:   0.5326  0.4674  1
168:   1.0000  0.0000  1
169:   1.0000  0.0000  1
170:   0.4488  0.5512  1
171:   0.8294  0.1706  1
172:   1.0000  0.0000  1
173:   0.0000  1.0000  1
174:   1.0000  0.0000  1
175:   1.0000  0.0000  1
176:   1.0000  0.0000  1
177:   0.7683  0.2317  1
178:   1.0000  0.0000  1
179:   1.0000  0.0000  1
180:   1.0000  0.0000  1
181:   0.9514  0.0486  1
182:   1.0000  0.0000  1
183:   0.9170  0.0830  1
184:   1.0000  0.0000  1
185:   0.7701  0.2299  1
186:   0.7452  0.2548  1
187:   1.0000  0.0000  1
188:   0.8139  0.1861  1
189:   0.8603  0.1397  1
190:   1.0000  0.0000  1
191:   0.0000  1.0000  1
192:   0.6594  0.3406  1
193:   0.9933  0.0067  1
194:   0.9670  0.0330  1
195:   0.4819  0.5181  1
196:   0.5188  0.4812  1
197:   0.0000  1.0000  1
198:   0.0000  1.0000  1
199:   0.0000  1.0000  1
200:   0.5293  0.4707  1
201:   0.7456  0.2544  1
202:   0.3222  0.6778  1
203:   0.0000  1.0000  1
204:   0.0000  1.0000  1
205:   0.4055  0.5945  1
206:   0.0000  1.0000  1
207:   0.4367  0.5633  1
208:   0.0000  1.0000  1
209:   0.0000  1.0000  1
210:   0.0000  1.0000  1
211:   0.0000  1.0000  1
212:   0.8241  0.1759  1
213:   1.0000  0.0000  1
214:   0.3718  0.6282  1
215:   0.7968  0.2032  1
216:   0.0000  1.0000  1
217:   0.0000  1.0000  1
218:   0.9091  0.0909  1
219:   0.2879  0.7121  1
220:   0.0000  1.0000  1
221:   1.0000  0.0000  1
222:   0.0000  1.0000  1
223:   1.0000  0.0000  1
224:   0.6372  0.3628  1
225:   1.0000  0.0000  1
226:   0.3997  0.6003  1
227:   0.0000  1.0000  1
228:   0.8180  0.1820  1
229:   0.6188  0.3812  1
230:   1.0000  0.0000  1
231:   1.0000  0.0000  1
232:   0.0000  1.0000  1
233:   0.7613  0.2387  1
234:   0.6753  0.3247  1
235:   1.0000  0.0000  1
236:   0.0000  1.0000  1
237:   1.0000  0.0000  1
238:   0.0000  1.0000  1
239:   0.5552  0.4448  1
240:   0.6471  0.3529  1
241:   0.0000  1.0000  1
242:   1.0000  0.0000  1
243:   0.4449  0.5551  1
244:   0.2237  0.7763  1
245:   0.5076  0.4924  1
246:   0.7529  0.2471  1
247:   0.0000  1.0000  1
248:   0.6618  0.3382  1
249:   0.7555  0.2445  1
250:   0.3334  0.6666  1
251:   1.0000  0.0000  1
252:   0.5098  0.4902  1
253:   0.5412  0.4588  1
254:   0.9277  0.0723  1
255:   1.0000  0.0000  1
256:   0.0000  1.0000  1
257:   0.5019  0.4981  1
258:   0.6216  0.3784  1
259:   0.0000  1.0000  1
260:   0.0000  1.0000  1
261:   0.4162  0.5838  1
262:   0.4493  0.5507  1

  1:   0.2691  0.7309  1
  2:   0.5076  0.4924  1
  3:   0.9132  0.0868  1
  4:   0.4809  0.5191  1
  5:   1.0000  0.0000  1
  6:   0.0000  1.0000  1
  7:   1.0000  0.0000  1
  8:   0.0000  1.0000  1
  9:   0.2061  0.7939  1
 10:   0.7993  0.2007  1
 11:   0.3746  0.6254  1
 12:   0.0000  1.0000  1
 13:   1.0000  0.0000  1
 14:   1.0000  0.0000  1
 15:   0.7899  0.2101  1
 16:   0.0000  1.0000  1
 17:   1.0000  0.0000  1
 18:   0.8936  0.1064  1
 19:   0.9245  0.0755  1
 20:   0.5524  0.4476  1
 21:   1.0000  0.0000  1
 22:   0.0000  1.0000  1
 23:   1.0000  0.0000  1
 24:   1.0000  0.0000  1
 25:   1.0000  0.0000  1
 26:   1.0000  0.0000  1
 27:   1.0000  0.0000  1
 28:   0.3836  0.6164  1
 29:   0.4222  0.5778  1
 30:   1.0000  0.0000  1
 31:   0.9352  0.0648  1
 32:   0.6194  0.3806  1
 33:   1.0000  0.0000  1
 34:   0.0000  1.0000  1
 35:   1.0000  0.0000  1
 36:   1.0000  0.0000  1
 37:   0.0000  1.0000  1
 38:   1.0000  0.0000  1
 39:   1.0000  0.0000  1
 40:   1.0000  0.0000  1
 41:   0.4622  0.5378  1
 42:   1.0000  0.0000  1
 43:   0.0000  1.0000  1
 44:   0.0000  1.0000  1
 45:   1.0000  0.0000  1
 46:   0.4904  0.5096  1
 47:   1.0000  0.0000  1
 48:   1.0000  0.0000  1
 49:   1.0000  0.0000  1
 50:   0.0000  1.0000  1
 51:   1.0000  0.0000  1
 52:   1.0000  0.0000  1
 53:   0.1172  0.8828  1
 54:   1.0000  0.0000  1
 55:   0.0000  1.0000  1
 56:   0.9096  0.0904  1
 57:   1.0000  0.0000  1
 58:   0.0423  0.9577  1
 59:   1.0000  0.0000  1
 60:   0.1761  0.8239  1
 61:   0.0000  1.0000  1
 62:   1.0000  0.0000  1
 63:   0.7623  0.2377  1
 64:   0.0000  1.0000  1
 65:   0.4187  0.5813  1
 66:   1.0000  0.0000  1
 67:   0.5652  0.4348  1
 68:   0.6225  0.3775  1
 69:   1.0000  0.0000  1
 70:   0.0000  1.0000  1
 71:   0.6563  0.3437  1
 72:   0.0000  1.0000  1
 73:   0.6476  0.3524  1
 74:   0.2254  0.7746  1
 75:   0.6589  0.3411  1
 76:   1.0000  0.0000  1
 77:   0.0000  1.0000  1
 78:   0.0000  1.0000  1
 79:   0.2982  0.7018  1
 80:   1.0000  0.0000  1
 81:   0.5602  0.4398  1
 82:   0.0000  1.0000  1
 83:   1.0000  0.0000  1
 84:   0.2770  0.7230  1
 85:   1.0000  0.0000  1
 86:   1.0000  0.0000  1
 87:   0.0000  1.0000  1
 88:   0.5470  0.4530  1
 89:   0.6072  0.3928  1
 90:   0.3689  0.6311  1
 91:   0.0000  1.0000  1
 92:   0.8363  0.1637  1
 93:   1.0000  0.0000  1
 94:   1.0000  0.0000  1
 95:   1.0000  0.0000  1
 96:   0.0000  1.0000  1
 97:   0.5243  0.4757  1
 98:   0.4451  0.5549  1
 99:   0.5206  0.4794  1
100:   1.0000  0.0000  1
101:   0.6122  0.3878  1
102:   0.5173  0.4827  1
103:   0.9172  0.0828  1
104:   0.0000  1.0000  1
105:   0.2798  0.7202  1
106:   0.6250  0.3750  1
107:   0.9997  0.0003  1
108:   0.3775  0.6225  1
109:   1.0000  0.0000  1
110:   1.0000  0.0000  1
111:   1.0000  0.0000  1
112:   0.8846  0.1154  1
113:   1.0000  0.0000  1
114:   0.5294  0.4706  1
115:   0.3207  0.6793  1
116:   0.5261  0.4739  1
117:   1.0000  0.0000  1
118:   1.0000  0.0000  1
119:   0.7261  0.2739  1
120:   0.5334  0.4666  1
121:   0.3941  0.6059  1
122:   0.5270  0.4730  1
123:   0.5288  0.4712  1
124:   0.9106  0.0894  1
125:   1.0000  0.0000  1
126:   0.5261  0.4739  1
127:   0.1706  0.8294  1
128:   0.0730  0.9270  1
129:   1.0000  0.0000  1
130:   0.0000  1.0000  1
131:   1.0000  0.0000  1
132:   0.4527  0.5473  1
133:   0.0000  1.0000  1
134:   0.5327  0.4673  1
135:   0.9247  0.0753  1
136:   0.7325  0.2675  1
137:   1.0000  0.0000  1
138:   0.5157  0.4843  1
139:   1.0000  0.0000  1
140:   1.0000  0.0000  1
141:   0.6929  0.3071  1
142:   0.4543  0.5457  1
143:   1.0000  0.0000  1
144:   0.6229  0.3771  1
145:   0.3405  0.6595  1
146:   1.0000  0.0000  1
147:   0.7206  0.2794  1
148:   0.7929  0.2071  1
149:   0.0000  1.0000  1
150:   0.0000  1.0000  1
151:   0.3834  0.6166  1
152:   0.6572  0.3428  1
153:   0.2704  0.7296  1
154:   0.8377  0.1623  1
155:   0.5664  0.4336  1
156:   0.7502  0.2498  1
157:   1.0000  0.0000  1
158:   0.6179  0.3821  1
159:   0.6195  0.3805  1
160:   0.0000  1.0000  1
161:   0.4455  0.5545  1
162:   1.0000  0.0000  1
163:   0.8728  0.1272  1
164:   0.7881  0.2119  1
165:   0.3242  0.6758  1
166:   0.9264  0.0736  1
167:   0.5326  0.4674  1
168:   1.0000  0.0000  1
169:   1.0000  0.0000  1
170:   0.4488  0.5512  1
171:   0.8294  0.1706  1
172:   1.0000  0.0000  1
173:   0.0000  1.0000  1
174:   1.0000  0.0000  1
175:   1.0000  0.0000  1
176:   1.0000  0.0000  1
177:   0.7683  0.2317  1
178:   1.0000  0.0000  1
179:   1.0000  0.0000  1
180:   1.0000  0.0000  1
181:   0.9514  0.0486  1
182:   1.0000  0.0000  1
183:   0.9170  0.0830  1
184:   1.0000  0.0000  1
185:   0.7701  0.2299  1
186:   0.7452  0.2548  1
187:   1.0000  0.0000  1
188:   0.8139  0.1861  1
189:   0.8603  0.1397  1
190:   1.0000  0.0000  1
191:   0.0000  1.0000  1
192:   0.6594  0.3406  1
193:   0.9933  0.0067  1
194:   0.9670  0.0330  1
195:   0.4819  0.5181  1
196:   0.5188  0.4812  1
197:   0.0000  1.0000  1
198:   0.0000  1.0000  1
199:   0.0000  1.0000  1
200:   0.5293  0.4707  1
201:   0.7456  0.2544  1
202:   0.3222  0.6778  1
203:   0.0000  1.0000  1
204:   0.0000  1.0000  1
205:   0.4055  0.5945  1
206:   0.0000  1.0000  1
207:   0.4367  0.5633  1
208:   0.0000  1.0000  1
209:   0.0000  1.0000  1
210:   0.0000  1.0000  1
211:   0.0000  1.0000  1
212:   0.8241  0.1759  1
213:   1.0000  0.0000  1
214:   0.3718  0.6282  1
215:   0.7968  0.2032  1
216:   0.0000  1.0000  1
217:   0.0000  1.0000  1
218:   0.9091  0.0909  1
219:   0.2879  0.7121  1
220:   0.0000  1.0000  1
221:   1.0000  0.0000  1
222:   0.0000  1.0000  1
223:   1.0000  0.0000  1
224:   0.6372  0.3628  1
225:   1.0000  0.0000  1
226:   0.3997  0.6003  1
227:   0.0000  1.0000  1
228:   0.8180  0.1820  1
229:   0.6188  0.3812  1
230:   1.0000  0.0000  1
231:   1.0000  0.0000  1
232:   0.0000  1.0000  1
233:   0.7613  0.2387  1
234:   0.6753  0.3247  1
235:   1.0000  0.0000  1
236:   0.0000  1.0000  1
237:   1.0000  0.0000  1
238:   0.0000  1.0000  1
239:   0.5552  0.4448  1
240:   0.6471  0.3529  1
241:   0.0000  1.0000  1
242:   1.0000  0.0000  1
243:   0.4449  0.5551  1
244:   0.2237  0.7763  1
245:   0.5076  0.4924  1
246:   0.7529  0.2471  1
247:   0.0000  1.0000  1
248:   0.6618  0.3382  1
249:   0.7555  0.2445  1
250:   0.3334  0.6666  1
251:   1.0000  0.0000  1
252:   0.5098  0.4902  1
253:   0.5412  0.4588  1
254:   0.9277  0.0723  1
255:   1.0000  0.0000  1
256:   0.0000  1.0000  1
257:   0.5019  0.4981  1
258:   0.6216  0.3784  1
259:   0.0000  1.0000  1
260:   0.0000  1.0000  1
261:   0.4162  0.5838  1
262:   0.4493  0.5507  1

  1:   0.2691  0.7309  1
  2:   0.5076  0.4924  1
  3:   0.9132  0.0868  1
  4:   0.4809  0.5191  1
  5:   1.0000  0.0000  1
  6:   0.0000  1.0000  1
  7:   1.0000  0.0000  1
  8:   0.0000  1.0000  1
  9:   0.2061  0.7939  1
 10:   0.7993  0.2007  1
 11:   0.3746  0.6254  1
 12:   0.0000  1.0000  1
 13:   1.0000  0.0000  1
 14:   1.0000  0.0000  1
 15:   0.7899  0.2101  1
 16:   0.0000  1.0000  1
 17:   1.0000  0.0000  1
 18:   0.8936  0.1064  1
 19:   0.9245  0.0755  1
 20:   0.5524  0.4476  1
 21:   1.0000  0.0000  1
 22:   0.0000  1.0000  1
 23:   1.0000  0.0000  1
 24:   1.0000  0.0000  1
 25:   1.0000  0.0000  1
 26:   1.0000  0.0000  1
 27:   1.0000  0.0000  1
 28:   0.3836  0.6164  1
 29:   0.4222  0.5778  1
 30:   1.0000  0.0000  1
 31:   0.9352  0.0648  1
 32:   0.6194  0.3806  1
 33:   1.0000  0.0000  1
 34:   0.0000  1.0000  1
 35:   1.0000  0.0000  1
 36:   1.0000  0.0000  1
 37:   0.0000  1.0000  1
 38:   1.0000  0.0000  1
 39:   1.0000  0.0000  1
 40:   1.0000  0.0000  1
 41:   0.4622  0.5378  1
 42:   1.0000  0.0000  1
 43:   0.0000  1.0000  1
 44:   0.0000  1.0000  1
 45:   1.0000  0.0000  1
 46:   0.4904  0.5096  1
 47:   1.0000  0.0000  1
 48:   1.0000  0.0000  1
 49:   1.0000  0.0000  1
 50:   0.0000  1.0000  1
 51:   1.0000  0.0000  1
 52:   1.0000  0.0000  1
 53:   0.1172  0.8828  1
 54:   1.0000  0.0000  1
 55:   0.0000  1.0000  1
 56:   0.9096  0.0904  1
 57:   1.0000  0.0000  1
 58:   0.0423  0.9577  1
 59:   1.0000  0.0000  1
 60:   0.1761  0.8239  1
 61:   0.0000  1.0000  1
 62:   1.0000  0.0000  1
 63:   0.7623  0.2377  1
 64:   0.0000  1.0000  1
 65:   0.4187  0.5813  1
 66:   1.0000  0.0000  1
 67:   0.5652  0.4348  1
 68:   0.6225  0.3775  1
 69:   1.0000  0.0000  1
 70:   0.0000  1.0000  1
 71:   0.6563  0.3437  1
 72:   0.0000  1.0000  1
 73:   0.6476  0.3524  1
 74:   0.2254  0.7746  1
 75:   0.6589  0.3411  1
 76:   1.0000  0.0000  1
 77:   0.0000  1.0000  1
 78:   0.0000  1.0000  1
 79:   0.2982  0.7018  1
 80:   1.0000  0.0000  1
 81:   0.5602  0.4398  1
 82:   0.0000  1.0000  1
 83:   1.0000  0.0000  1
 84:   0.2770  0.7230  1
 85:   1.0000  0.0000  1
 86:   1.0000  0.0000  1
 87:   0.0000  1.0000  1
 88:   0.5470  0.4530  1
 89:   0.6072  0.3928  1
 90:   0.3689  0.6311  1
 91:   0.0000  1.0000  1
 92:   0.8363  0.1637  1
 93:   1.0000  0.0000  1
 94:   1.0000  0.0000  1
 95:   1.0000  0.0000  1
 96:   0.0000  1.0000  1
 97:   0.5243  0.4757  1
 98:   0.4451  0.5549  1
 99:   0.5206  0.4794  1
100:   1.0000  0.0000  1
101:   0.6122  0.3878  1
102:   0.5173  0.4827  1
103:   0.9172  0.0828  1
104:   0.0000  1.0000  1
105:   0.2798  0.7202  1
106:   0.6250  0.3750  1
107:   0.9997  0.0003  1
108:   0.3775  0.6225  1
109:   1.0000  0.0000  1
110:   1.0000  0.0000  1
111:   1.0000  0.0000  1
112:   0.8846  0.1154  1
113:   1.0000  0.0000  1
114:   0.5294  0.4706  1
115:   0.3207  0.6793  1
116:   0.5261  0.4739  1
117:   1.0000  0.0000  1
118:   1.0000  0.0000  1
119:   0.7261  0.2739  1
120:   0.5334  0.4666  1
121:   0.3941  0.6059  1
122:   0.5270  0.4730  1
123:   0.5288  0.4712  1
124:   0.9106  0.0894  1
125:   1.0000  0.0000  1
126:   0.5261  0.4739  1
127:   0.1706  0.8294  1
128:   0.0730  0.9270  1
129:   1.0000  0.0000  1
130:   0.0000  1.0000  1
131:   1.0000  0.0000  1
132:   0.4527  0.5473  1
133:   0.0000  1.0000  1
134:   0.5327  0.4673  1
135:   0.9247  0.0753  1
136:   0.7325  0.2675  1
137:   1.0000  0.0000  1
138:   0.5157  0.4843  1
139:   1.0000  0.0000  1
140:   1.0000  0.0000  1
141:   0.6929  0.3071  1
142:   0.4543  0.5457  1
143:   1.0000  0.0000  1
144:   0.6229  0.3771  1
145:   0.3405  0.6595  1
146:   1.0000  0.0000  1
147:   0.7206  0.2794  1
148:   0.7929  0.2071  1
149:   0.0000  1.0000  1
150:   0.0000  1.0000  1
151:   0.3834  0.6166  1
152:   0.6572  0.3428  1
153:   0.2704  0.7296  1
154:   0.8377  0.1623  1
155:   0.5664  0.4336  1
156:   0.7502  0.2498  1
157:   1.0000  0.0000  1
158:   0.6179  0.3821  1
159:   0.6195  0.3805  1
160:   0.0000  1.0000  1
161:   0.4455  0.5545  1
162:   1.0000  0.0000  1
163:   0.8728  0.1272  1
164:   0.7881  0.2119  1
165:   0.3242  0.6758  1
166:   0.9264  0.0736  1
167:   0.5326  0.4674  1
168:   1.0000  0.0000  1
169:   1.0000  0.0000  1
170:   0.4488  0.5512  1
171:   0.8294  0.1706  1
172:   1.0000  0.0000  1
173:   0.0000  1.0000  1
174:   1.0000  0.0000  1
175:   1.0000  0.0000  1
176:   1.0000  0.0000  1
177:   0.7683  0.2317  1
178:   1.0000  0.0000  1
179:   1.0000  0.0000  1
180:   1.0000  0.0000  1
181:   0.9514  0.0486  1
182:   1.0000  0.0000  1
183:   0.9170  0.0830  1
184:   1.0000  0.0000  1
185:   0.7701  0.2299  1
186:   0.7452  0.2548  1
187:   1.0000  0.0000  1
188:   0.8139  0.1861  1
189:   0.8603  0.1397  1
190:   1.0000  0.0000  1
191:   0.0000  1.0000  1
192:   0.6594  0.3406  1
193:   0.9933  0.0067  1
194:   0.9670  0.0330  1
195:   0.4819  0.5181  1
196:   0.5188  0.4812  1
197:   0.0000  1.0000  1
198:   0.0000  1.0000  1
199:   0.0000  1.0000  1
200:   0.5293  0.4707  1
201:   0.7456  0.2544  1
202:   0.3222  0.6778  1
203:   0.0000  1.0000  1
204:   0.0000  1.0000  1
205:   0.4055  0.5945  1
206:   0.0000  1.0000  1
207:   0.4367  0.5633  1
208:   0.0000  1.0000  1
209:   0.0000  1.0000  1
210:   0.0000  1.0000  1
211:   0.0000  1.0000  1
212:   0.8241  0.1759  1
213:   1.0000  0.0000  1
214:   0.3718  0.6282  1
215:   0.7968  0.2032  1
216:   0.0000  1.0000  1
217:   0.0000  1.0000  1
218:   0.9091  0.0909  1
219:   0.2879  0.7121  1
220:   0.0000  1.0000  1
221:   1.0000  0.0000  1
222:   0.0000  1.0000  1
223:   1.0000  0.0000  1
224:   0.6372  0.3628  1
225:   1.0000  0.0000  1
226:   0.3997  0.6003  1
227:   0.0000  1.0000  1
228:   0.8180  0.1820  1
229:   0.6188  0.3812  1
230:   1.0000  0.0000  1
231:   1.0000  0.0000  1
232:   0.0000  1.0000  1
233:   0.7613  0.2387  1
234:   0.6753  0.3247  1
235:   1.0000  0.0000  1
236:   0.0000  1.0000  1
237:   1.0000  0.0000  1
238:   0.0000  1.0000  1
239:   0.5552  0.4448  1
240:   0.6471  0.3529  1
241:   0.0000  1.0000  1
242:   1.0000  0.0000  1
243:   0.4449  0.5551  1
244:   0.2237  0.7763  1
245:   0.5076  0.4924  1
246:   0.7529  0.2471  1
247:   0.0000  1.0000  1
248:   0.6618  0.3382  1
249:   0.7555  0.2445  1
250:   0.3334  0.6666  1
251:   1.0000  0.0000  1
252:   0.5098  0.4902  1
253:   0.5412  0.4588  1
254:   0.9277  0.0723  1
255:   1.0000  0.0000  1
256:   0.0000  1.0000  1
257:   0.5019  0.4981  1
258:   0.6216  0.3784  1
259:   0.0000  1.0000  1
260:   0.0000  1.0000  1
261:   0.4162  0.5838  1
262:   0.4493  0.5507  1

  1:   0.2691  0.7309  1
  2:   0.5076  0.4924  1
  3:   0.9132  0.0868  1
  4:   0.4809  0.5191  1
  5:   1.0000  0.0000  1
  6:   0.0000  1.0000  1
  7:   1.0000  0.0000  1
  8:   0.0000  1.0000  1
  9:   0.2061  0.7939  1
 10:   0.7993  0.2007  1
 11:   0.3746  0.6254  1
 12:   0.0000  1.0000  1
 13:   1.0000  0.0000  1
 14:   1.0000  0.0000  1
 15:   0.7899  0.2101  1
 16:   0.0000  1.0000  1
 17:   1.0000  0.0000  1
 18:   0.8936  0.1064  1
 19:   0.9245  0.0755  1
 20:   0.5524  0.4476  1
 21:   1.0000  0.0000  1
 22:   0.0000  1.0000  1
 23:   1.0000  0.0000  1
 24:   1.0000  0.0000  1
 25:   1.0000  0.0000  1
 26:   1.0000  0.0000  1
 27:   1.0000  0.0000  1
 28:   0.3836  0.6164  1
 29:   0.4222  0.5778  1
 30:   1.0000  0.0000  1
 31:   0.9352  0.0648  1
 32:   0.6194  0.3806  1
 33:   1.0000  0.0000  1
 34:   0.0000  1.0000  1
 35:   1.0000  0.0000  1
 36:   1.0000  0.0000  1
 37:   0.0000  1.0000  1
 38:   1.0000  0.0000  1
 39:   1.0000  0.0000  1
 40:   1.0000  0.0000  1
 41:   0.4622  0.5378  1
 42:   1.0000  0.0000  1
 43:   0.0000  1.0000  1
 44:   0.0000  1.0000  1
 45:   1.0000  0.0000  1
 46:   0.4904  0.5096  1
 47:   1.0000  0.0000  1
 48:   1.0000  0.0000  1
 49:   1.0000  0.0000  1
 50:   0.0000  1.0000  1
 51:   1.0000  0.0000  1
 52:   1.0000  0.0000  1
 53:   0.1172  0.8828  1
 54:   1.0000  0.0000  1
 55:   0.0000  1.0000  1
 56:   0.9096  0.0904  1
 57:   1.0000  0.0000  1
 58:   0.0423  0.9577  1
 59:   1.0000  0.0000  1
 60:   0.1761  0.8239  1
 61:   0.0000  1.0000  1
 62:   1.0000  0.0000  1
 63:   0.7623  0.2377  1
 64:   0.0000  1.0000  1
 65:   0.4187  0.5813  1
 66:   1.0000  0.0000  1
 67:   0.5652  0.4348  1
 68:   0.6225  0.3775  1
 69:   1.0000  0.0000  1
 70:   0.0000  1.0000  1
 71:   0.6563  0.3437  1
 72:   0.0000  1.0000  1
 73:   0.6476  0.3524  1
 74:   0.2254  0.7746  1
 75:   0.6589  0.3411  1
 76:   1.0000  0.0000  1
 77:   0.0000  1.0000  1
 78:   0.0000  1.0000  1
 79:   0.2982  0.7018  1
 80:   1.0000  0.0000  1
 81:   0.5602  0.4398  1
 82:   0.0000  1.0000  1
 83:   1.0000  0.0000  1
 84:   0.2770  0.7230  1
 85:   1.0000  0.0000  1
 86:   1.0000  0.0000  1
 87:   0.0000  1.0000  1
 88:   0.5470  0.4530  1
 89:   0.6072  0.3928  1
 90:   0.3689  0.6311  1
 91:   0.0000  1.0000  1
 92:   0.8363  0.1637  1
 93:   1.0000  0.0000  1
 94:   1.0000  0.0000  1
 95:   1.0000  0.0000  1
 96:   0.0000  1.0000  1
 97:   0.5243  0.4757  1
 98:   0.4451  0.5549  1
 99:   0.5206  0.4794  1
100:   1.0000  0.0000  1
101:   0.6122  0.3878  1
102:   0.5173  0.4827  1
103:   0.9172  0.0828  1
104:   0.0000  1.0000  1
105:   0.2798  0.7202  1
106:   0.6250  0.3750  1
107:   0.9997  0.0003  1
108:   0.3775  0.6225  1
109:   1.0000  0.0000  1
110:   1.0000  0.0000  1
111:   1.0000  0.0000  1
112:   0.8846  0.1154  1
113:   1.0000  0.0000  1
114:   0.5294  0.4706  1
115:   0.3207  0.6793  1
116:   0.5261  0.4739  1
117:   1.0000  0.0000  1
118:   1.0000  0.0000  1
119:   0.7261  0.2739  1
120:   0.5334  0.4666  1
121:   0.3941  0.6059  1
122:   0.5270  0.4730  1
123:   0.5288  0.4712  1
124:   0.9106  0.0894  1
125:   1.0000  0.0000  1
126:   0.5261  0.4739  1
127:   0.1706  0.8294  1
128:   0.0730  0.9270  1
129:   1.0000  0.0000  1
130:   0.0000  1.0000  1
131:   1.0000  0.0000  1
132:   0.4527  0.5473  1
133:   0.0000  1.0000  1
134:   0.5327  0.4673  1
135:   0.9247  0.0753  1
136:   0.7325  0.2675  1
137:   1.0000  0.0000  1
138:   0.5157  0.4843  1
139:   1.0000  0.0000  1
140:   1.0000  0.0000  1
141:   0.6929  0.3071  1
142:   0.4543  0.5457  1
143:   1.0000  0.0000  1
144:   0.6229  0.3771  1
145:   0.3405  0.6595  1
146:   1.0000  0.0000  1
147:   0.7206  0.2794  1
148:   0.7929  0.2071  1
149:   0.0000  1.0000  1
150:   0.0000  1.0000  1
151:   0.3834  0.6166  1
152:   0.6572  0.3428  1
153:   0.2704  0.7296  1
154:   0.8377  0.1623  1
155:   0.5664  0.4336  1
156:   0.7502  0.2498  1
157:   1.0000  0.0000  1
158:   0.6179  0.3821  1
159:   0.6195  0.3805  1
160:   0.0000  1.0000  1
161:   0.4455  0.5545  1
162:   1.0000  0.0000  1
163:   0.8728  0.1272  1
164:   0.7881  0.2119  1
165:   0.3242  0.6758  1
166:   0.9264  0.0736  1
167:   0.5326  0.4674  1
168:   1.0000  0.0000  1
169:   1.0000  0.0000  1
170:   0.4488  0.5512  1
171:   0.8294  0.1706  1
172:   1.0000  0.0000  1
173:   0.0000  1.0000  1
174:   1.0000  0.0000  1
175:   1.0000  0.0000  1
176:   1.0000  0.0000  1
177:   0.7683  0.2317  1
178:   1.0000  0.0000  1
179:   1.0000  0.0000  1
180:   1.0000  0.0000  1
181:   0.9514  0.0486  1
182:   1.0000  0.0000  1
183:   0.9170  0.0830  1
184:   1.0000  0.0000  1
185:   0.7701  0.2299  1
186:   0.7452  0.2548  1
187:   1.0000  0.0000  1
188:   0.8139  0.1861  1
189:   0.8603  0.1397  1
190:   1.0000  0.0000  1
191:   0.0000  1.0000  1
192:   0.6594  0.3406  1
193:   0.9933  0.0067  1
194:   0.9670  0.0330  1
195:   0.4819  0.5181  1
196:   0.5188  0.4812  1
197:   0.0000  1.0000  1
198:   0.0000  1.0000  1
199:   0.0000  1.0000  1
200:   0.5293  0.4707  1
201:   0.7456  0.2544  1
202:   0.3222  0.6778  1
203:   0.0000  1.0000  1
204:   0.0000  1.0000  1
205:   0.4055  0.5945  1
206:   0.0000  1.0000  1
207:   0.4367  0.5633  1
208:   0.0000  1.0000  1
209:   0.0000  1.0000  1
210:   0.0000  1.0000  1
211:   0.0000  1.0000  1
212:   0.8241  0.1759  1
213:   1.0000  0.0000  1
214:   0.3718  0.6282  1
215:   0.7968  0.2032  1
216:   0.0000  1.0000  1
217:   0.0000  1.0000  1
218:   0.9091  0.0909  1
219:   0.2879  0.7121  1
220:   0.0000  1.0000  1
221:   1.0000  0.0000  1
222:   0.0000  1.0000  1
223:   1.0000  0.0000  1
224:   0.6372  0.3628  1
225:   1.0000  0.0000  1
226:   0.3997  0.6003  1
227:   0.0000  1.0000  1
228:   0.8180  0.1820  1
229:   0.6188  0.3812  1
230:   1.0000  0.0000  1
231:   1.0000  0.0000  1
232:   0.0000  1.0000  1
233:   0.7613  0.2387  1
234:   0.6753  0.3247  1
235:   1.0000  0.0000  1
236:   0.0000  1.0000  1
237:   1.0000  0.0000  1
238:   0.0000  1.0000  1
239:   0.5552  0.4448  1
240:   0.6471  0.3529  1
241:   0.0000  1.0000  1
242:   1.0000  0.0000  1
243:   0.4449  0.5551  1
244:   0.2237  0.7763  1
245:   0.5076  0.4924  1
246:   0.7529  0.2471  1
247:   0.0000  1.0000  1
248:   0.6618  0.3382  1
249:   0.7555  0.2445  1
250:   0.3334  0.6666  1
251:   1.0000  0.0000  1
252:   0.5098  0.4902  1
253:   0.5412  0.4588  1
254:   0.9277  0.0723  1
255:   1.0000  0.0000  1
256:   0.0000  1.0000  1
257:   0.5019  0.4981  1
258:   0.6216  0.3784  1
259:   0.0000  1.0000  1
260:   0.0000  1.0000  1
261:   0.4162  0.5838  1
262:   0.4493  0.5507  1

  1:   0.2691  0.7309  1
  2:   0.5076  0.4924  1
  3:   0.9132  0.0868  1
  4:   0.4809  0.5191  1
  5:   1.0000  0.0000  1
  6:   0.0000  1.0000  1
  7:   1.0000  0.0000  1
  8:   0.0000  1.0000  1
  9:   0.2061  0.7939  1
 10:   0.7993  0.2007  1
 11:   0.3746  0.6254  1
 12:   0.0000  1.0000  1
 13:   1.0000  0.0000  1
 14:   1.0000  0.0000  1
 15:   0.7899  0.2101  1
 16:   0.0000  1.0000  1
 17:   1.0000  0.0000  1
 18:   0.8936  0.1064  1
 19:   0.9245  0.0755  1
 20:   0.5524  0.4476  1
 21:   1.0000  0.0000  1
 22:   0.0000  1.0000  1
 23:   1.0000  0.0000  1
 24:   1.0000  0.0000  1
 25:   1.0000  0.0000  1
 26:   1.0000  0.0000  1
 27:   1.0000  0.0000  1
 28:   0.3836  0.6164  1
 29:   0.4222  0.5778  1
 30:   1.0000  0.0000  1
 31:   0.9352  0.0648  1
 32:   0.6194  0.3806  1
 33:   1.0000  0.0000  1
 34:   0.0000  1.0000  1
 35:   1.0000  0.0000  1
 36:   1.0000  0.0000  1
 37:   0.0000  1.0000  1
 38:   1.0000  0.0000  1
 39:   1.0000  0.0000  1
 40:   1.0000  0.0000  1
 41:   0.4622  0.5378  1
 42:   1.0000  0.0000  1
 43:   0.0000  1.0000  1
 44:   0.0000  1.0000  1
 45:   1.0000  0.0000  1
 46:   0.4904  0.5096  1
 47:   1.0000  0.0000  1
 48:   1.0000  0.0000  1
 49:   1.0000  0.0000  1
 50:   0.0000  1.0000  1
 51:   1.0000  0.0000  1
 52:   1.0000  0.0000  1
 53:   0.1172  0.8828  1
 54:   1.0000  0.0000  1
 55:   0.0000  1.0000  1
 56:   0.9096  0.0904  1
 57:   1.0000  0.0000  1
 58:   0.0423  0.9577  1
 59:   1.0000  0.0000  1
 60:   0.1761  0.8239  1
 61:   0.0000  1.0000  1
 62:   1.0000  0.0000  1
 63:   0.7623  0.2377  1
 64:   0.0000  1.0000  1
 65:   0.4187  0.5813  1
 66:   1.0000  0.0000  1
 67:   0.5652  0.4348  1
 68:   0.6225  0.3775  1
 69:   1.0000  0.0000  1
 70:   0.0000  1.0000  1
 71:   0.6563  0.3437  1
 72:   0.0000  1.0000  1
 73:   0.6476  0.3524  1
 74:   0.2254  0.7746  1
 75:   0.6589  0.3411  1
 76:   1.0000  0.0000  1
 77:   0.0000  1.0000  1
 78:   0.0000  1.0000  1
 79:   0.2982  0.7018  1
 80:   1.0000  0.0000  1
 81:   0.5602  0.4398  1
 82:   0.0000  1.0000  1
 83:   1.0000  0.0000  1
 84:   0.2770  0.7230  1
 85:   1.0000  0.0000  1
 86:   1.0000  0.0000  1
 87:   0.0000  1.0000  1
 88:   0.5470  0.4530  1
 89:   0.6072  0.3928  1
 90:   0.3689  0.6311  1
 91:   0.0000  1.0000  1
 92:   0.8363  0.1637  1
 93:   1.0000  0.0000  1
 94:   1.0000  0.0000  1
 95:   1.0000  0.0000  1
 96:   0.0000  1.0000  1
 97:   0.5243  0.4757  1
 98:   0.4451  0.5549  1
 99:   0.5206  0.4794  1
100:   1.0000  0.0000  1
101:   0.6122  0.3878  1
102:   0.5173  0.4827  1
103:   0.9172  0.0828  1
104:   0.0000  1.0000  1
105:   0.2798  0.7202  1
106:   0.6250  0.3750  1
107:   0.9997  0.0003  1
108:   0.3775  0.6225  1
109:   1.0000  0.0000  1
110:   1.0000  0.0000  1
111:   1.0000  0.0000  1
112:   0.8846  0.1154  1
113:   1.0000  0.0000  1
114:   0.5294  0.4706  1
115:   0.3207  0.6793  1
116:   0.5261  0.4739  1
117:   1.0000  0.0000  1
118:   1.0000  0.0000  1
119:   0.7261  0.2739  1
120:   0.5334  0.4666  1
121:   0.3941  0.6059  1
122:   0.5270  0.4730  1
123:   0.5288  0.4712  1
124:   0.9106  0.0894  1
125:   1.0000  0.0000  1
126:   0.5261  0.4739  1
127:   0.1706  0.8294  1
128:   0.0730  0.9270  1
129:   1.0000  0.0000  1
130:   0.0000  1.0000  1
131:   1.0000  0.0000  1
132:   0.4527  0.5473  1
133:   0.0000  1.0000  1
134:   0.5327  0.4673  1
135:   0.9247  0.0753  1
136:   0.7325  0.2675  1
137:   1.0000  0.0000  1
138:   0.5157  0.4843  1
139:   1.0000  0.0000  1
140:   1.0000  0.0000  1
141:   0.6929  0.3071  1
142:   0.4543  0.5457  1
143:   1.0000  0.0000  1
144:   0.6229  0.3771  1
145:   0.3405  0.6595  1
146:   1.0000  0.0000  1
147:   0.7206  0.2794  1
148:   0.7929  0.2071  1
149:   0.0000  1.0000  1
150:   0.0000  1.0000  1
151:   0.3834  0.6166  1
152:   0.6572  0.3428  1
153:   0.2704  0.7296  1
154:   0.8377  0.1623  1
155:   0.5664  0.4336  1
156:   0.7502  0.2498  1
157:   1.0000  0.0000  1
158:   0.6179  0.3821  1
159:   0.6195  0.3805  1
160:   0.0000  1.0000  1
161:   0.4455  0.5545  1
162:   1.0000  0.0000  1
163:   0.8728  0.1272  1
164:   0.7881  0.2119  1
165:   0.3242  0.6758  1
166:   0.9264  0.0736  1
167:   0.5326  0.4674  1
168:   1.0000  0.0000  1
169:   1.0000  0.0000  1
170:   0.4488  0.5512  1
171:   0.8294  0.1706  1
172:   1.0000  0.0000  1
173:   0.0000  1.0000  1
174:   1.0000  0.0000  1
175:   1.0000  0.0000  1
176:   1.0000  0.0000  1
177:   0.7683  0.2317  1
178:   1.0000  0.0000  1
179:   1.0000  0.0000  1
180:   1.0000  0.0000  1
181:   0.9514  0.0486  1
182:   1.0000  0.0000  1
183:   0.9170  0.0830  1
184:   1.0000  0.0000  1
185:   0.7701  0.2299  1
186:   0.7452  0.2548  1
187:   1.0000  0.0000  1
188:   0.8139  0.1861  1
189:   0.8603  0.1397  1
190:   1.0000  0.0000  1
191:   0.0000  1.0000  1
192:   0.6594  0.3406  1
193:   0.9933  0.0067  1
194:   0.9670  0.0330  1
195:   0.4819  0.5181  1
196:   0.5188  0.4812  1
197:   0.0000  1.0000  1
198:   0.0000  1.0000  1
199:   0.0000  1.0000  1
200:   0.5293  0.4707  1
201:   0.7456  0.2544  1
202:   0.3222  0.6778  1
203:   0.0000  1.0000  1
204:   0.0000  1.0000  1
205:   0.4055  0.5945  1
206:   0.0000  1.0000  1
207:   0.4367  0.5633  1
208:   0.0000  1.0000  1
209:   0.0000  1.0000  1
210:   0.0000  1.0000  1
211:   0.0000  1.0000  1
212:   0.8241  0.1759  1
213:   1.0000  0.0000  1
214:   0.3718  0.6282  1
215:   0.7968  0.2032  1
216:   0.0000  1.0000  1
217:   0.0000  1.0000  1
218:   0.9091  0.0909  1
219:   0.2879  0.7121  1
220:   0.0000  1.0000  1
221:   1.0000  0.0000  1
222:   0.0000  1.0000  1
223:   1.0000  0.0000  1
224:   0.6372  0.3628  1
225:   1.0000  0.0000  1
226:   0.3997  0.6003  1
227:   0.0000  1.0000  1
228:   0.8180  0.1820  1
229:   0.6188  0.3812  1
230:   1.0000  0.0000  1
231:   1.0000  0.0000  1
232:   0.0000  1.0000  1
233:   0.7613  0.2387  1
234:   0.6753  0.3247  1
235:   1.0000  0.0000  1
236:   0.0000  1.0000  1
237:   1.0000  0.0000  1
238:   0.0000  1.0000  1
239:   0.5552  0.4448  1
240:   0.6471  0.3529  1
241:   0.0000  1.0000  1
242:   1.0000  0.0000  1
243:   0.4449  0.5551  1
244:   0.2237  0.7763  1
245:   0.5076  0.4924  1
246:   0.7529  0.2471  1
247:   0.0000  1.0000  1
248:   0.6618  0.3382  1
249:   0.7555  0.2445  1
250:   0.3334  0.6666  1
251:   1.0000  0.0000  1
252:   0.5098  0.4902  1
253:   0.5412  0.4588  1
254:   0.9277  0.0723  1
255:   1.0000  0.0000  1
256:   0.0000  1.0000  1
257:   0.5019  0.4981  1
258:   0.6216  0.3784  1
259:   0.0000  1.0000  1
260:   0.0000  1.0000  1
261:   0.4162  0.5838  1
262:   0.4493  0.5507  1

  1:   0.2691  0.7309  1
  2:   0.5076  0.4924  1
  3:   0.9132  0.0868  1
  4:   0.4809  0.5191  1
  5:   1.0000  0.0000  1
  6:   0.0000  1.0000  1
  7:   1.0000  0.0000  1
  8:   0.0000  1.0000  1
  9:   0.2061  0.7939  1
 10:   0.7993  0.2007  1
 11:   0.3746  0.6254  1
 12:   0.0000  1.0000  1
 13:   1.0000  0.0000  1
 14:   1.0000  0.0000  1
 15:   0.7899  0.2101  1
 16:   0.0000  1.0000  1
 17:   1.0000  0.0000  1
 18:   0.8936  0.1064  1
 19:   0.9245  0.0755  1
 20:   0.5524  0.4476  1
 21:   1.0000  0.0000  1
 22:   0.0000  1.0000  1
 23:   1.0000  0.0000  1
 24:   1.0000  0.0000  1
 25:   1.0000  0.0000  1
 26:   1.0000  0.0000  1
 27:   1.0000  0.0000  1
 28:   0.3836  0.6164  1
 29:   0.4222  0.5778  1
 30:   1.0000  0.0000  1
 31:   0.9352  0.0648  1
 32:   0.6194  0.3806  1
 33:   1.0000  0.0000  1
 34:   0.0000  1.0000  1
 35:   1.0000  0.0000  1
 36:   1.0000  0.0000  1
 37:   0.0000  1.0000  1
 38:   1.0000  0.0000  1
 39:   1.0000  0.0000  1
 40:   1.0000  0.0000  1
 41:   0.4622  0.5378  1
 42:   1.0000  0.0000  1
 43:   0.0000  1.0000  1
 44:   0.0000  1.0000  1
 45:   1.0000  0.0000  1
 46:   0.4904  0.5096  1
 47:   1.0000  0.0000  1
 48:   1.0000  0.0000  1
 49:   1.0000  0.0000  1
 50:   0.0000  1.0000  1
 51:   1.0000  0.0000  1
 52:   1.0000  0.0000  1
 53:   0.1172  0.8828  1
 54:   1.0000  0.0000  1
 55:   0.0000  1.0000  1
 56:   0.9096  0.0904  1
 57:   1.0000  0.0000  1
 58:   0.0423  0.9577  1
 59:   1.0000  0.0000  1
 60:   0.1761  0.8239  1
 61:   0.0000  1.0000  1
 62:   1.0000  0.0000  1
 63:   0.7623  0.2377  1
 64:   0.0000  1.0000  1
 65:   0.4187  0.5813  1
 66:   1.0000  0.0000  1
 67:   0.5652  0.4348  1
 68:   0.6225  0.3775  1
 69:   1.0000  0.0000  1
 70:   0.0000  1.0000  1
 71:   0.6563  0.3437  1
 72:   0.0000  1.0000  1
 73:   0.6476  0.3524  1
 74:   0.2254  0.7746  1
 75:   0.6589  0.3411  1
 76:   1.0000  0.0000  1
 77:   0.0000  1.0000  1
 78:   0.0000  1.0000  1
 79:   0.2982  0.7018  1
 80:   1.0000  0.0000  1
 81:   0.5602  0.4398  1
 82:   0.0000  1.0000  1
 83:   1.0000  0.0000  1
 84:   0.2770  0.7230  1
 85:   1.0000  0.0000  1
 86:   1.0000  0.0000  1
 87:   0.0000  1.0000  1
 88:   0.5470  0.4530  1
 89:   0.6072  0.3928  1
 90:   0.3689  0.6311  1
 91:   0.0000  1.0000  1
 92:   0.8363  0.1637  1
 93:   1.0000  0.0000  1
 94:   1.0000  0.0000  1
 95:   1.0000  0.0000  1
 96:   0.0000  1.0000  1
 97:   0.5243  0.4757  1
 98:   0.4451  0.5549  1
 99:   0.5206  0.4794  1
100:   1.0000  0.0000  1
101:   0.6122  0.3878  1
102:   0.5173  0.4827  1
103:   0.9172  0.0828  1
104:   0.0000  1.0000  1
105:   0.2798  0.7202  1
106:   0.6250  0.3750  1
107:   0.9997  0.0003  1
108:   0.3775  0.6225  1
109:   1.0000  0.0000  1
110:   1.0000  0.0000  1
111:   1.0000  0.0000  1
112:   0.8846  0.1154  1
113:   1.0000  0.0000  1
114:   0.5294  0.4706  1
115:   0.3207  0.6793  1
116:   0.5261  0.4739  1
117:   1.0000  0.0000  1
118:   1.0000  0.0000  1
119:   0.7261  0.2739  1
120:   0.5334  0.4666  1
121:   0.3941  0.6059  1
122:   0.5270  0.4730  1
123:   0.5288  0.4712  1
124:   0.9106  0.0894  1
125:   1.0000  0.0000  1
126:   0.5261  0.4739  1
127:   0.1706  0.8294  1
128:   0.0730  0.9270  1
129:   1.0000  0.0000  1
130:   0.0000  1.0000  1
131:   1.0000  0.0000  1
132:   0.4527  0.5473  1
133:   0.0000  1.0000  1
134:   0.5327  0.4673  1
135:   0.9247  0.0753  1
136:   0.7325  0.2675  1
137:   1.0000  0.0000  1
138:   0.5157  0.4843  1
139:   1.0000  0.0000  1
140:   1.0000  0.0000  1
141:   0.6929  0.3071  1
142:   0.4543  0.5457  1
143:   1.0000  0.0000  1
144:   0.6229  0.3771  1
145:   0.3405  0.6595  1
146:   1.0000  0.0000  1
147:   0.7206  0.2794  1
148:   0.7929  0.2071  1
149:   0.0000  1.0000  1
150:   0.0000  1.0000  1
151:   0.3834  0.6166  1
152:   0.6572  0.3428  1
153:   0.2704  0.7296  1
154:   0.8377  0.1623  1
155:   0.5664  0.4336  1
156:   0.7502  0.2498  1
157:   1.0000  0.0000  1
158:   0.6179  0.3821  1
159:   0.6195  0.3805  1
160:   0.0000  1.0000  1
161:   0.4455  0.5545  1
162:   1.0000  0.0000  1
163:   0.8728  0.1272  1
164:   0.7881  0.2119  1
165:   0.3242  0.6758  1
166:   0.9264  0.0736  1
167:   0.5326  0.4674  1
168:   1.0000  0.0000  1
169:   1.0000  0.0000  1
170:   0.4488  0.5512  1
171:   0.8294  0.1706  1
172:   1.0000  0.0000  1
173:   0.0000  1.0000  1
174:   1.0000  0.0000  1
175:   1.0000  0.0000  1
176:   1.0000  0.0000  1
177:   0.7683  0.2317  1
178:   1.0000  0.0000  1
179:   1.0000  0.0000  1
180:   1.0000  0.0000  1
181:   0.9514  0.0486  1
182:   1.0000  0.0000  1
183:   0.9170  0.0830  1
184:   1.0000  0.0000  1
185:   0.7701  0.2299  1
186:   0.7452  0.2548  1
187:   1.0000  0.0000  1
188:   0.8139  0.1861  1
189:   0.8603  0.1397  1
190:   1.0000  0.0000  1
191:   0.0000  1.0000  1
192:   0.6594  0.3406  1
193:   0.9933  0.0067  1
194:   0.9670  0.0330  1
195:   0.4819  0.5181  1
196:   0.5188  0.4812  1
197:   0.0000  1.0000  1
198:   0.0000  1.0000  1
199:   0.0000  1.0000  1
200:   0.5293  0.4707  1
201:   0.7456  0.2544  1
202:   0.3222  0.6778  1
203:   0.0000  1.0000  1
204:   0.0000  1.0000  1
205:   0.4055  0.5945  1
206:   0.0000  1.0000  1
207:   0.4367  0.5633  1
208:   0.0000  1.0000  1
209:   0.0000  1.0000  1
210:   0.0000  1.0000  1
211:   0.0000  1.0000  1
212:   0.8241  0.1759  1
213:   1.0000  0.0000  1
214:   0.3718  0.6282  1
215:   0.7968  0.2032  1
216:   0.0000  1.0000  1
217:   0.0000  1.0000  1
218:   0.9091  0.0909  1
219:   0.2879  0.7121  1
220:   0.0000  1.0000  1
221:   1.0000  0.0000  1
222:   0.0000  1.0000  1
223:   1.0000  0.0000  1
224:   0.6372  0.3628  1
225:   1.0000  0.0000  1
226:   0.3997  0.6003  1
227:   0.0000  1.0000  1
228:   0.8180  0.1820  1
229:   0.6188  0.3812  1
230:   1.0000  0.0000  1
231:   1.0000  0.0000  1
232:   0.0000  1.0000  1
233:   0.7613  0.2387  1
234:   0.6753  0.3247  1
235:   1.0000  0.0000  1
236:   0.0000  1.0000  1
237:   1.0000  0.0000  1
238:   0.0000  1.0000  1
239:   0.5552  0.4448  1
240:   0.6471  0.3529  1
241:   0.0000  1.0000  1
242:   1.0000  0.0000  1
243:   0.4449  0.5551  1
244:   0.2237  0.7763  1
245:   0.5076  0.4924  1
246:   0.7529  0.2471  1
247:   0.0000  1.0000  1
248:   0.6618  0.3382  1
249:   0.7555  0.2445  1
250:   0.3334  0.6666  1
251:   1.0000  0.0000  1
252:   0.5098  0.4902  1
253:   0.5412  0.4588  1
254:   0.9277  0.0723  1
255:   1.0000  0.0000  1
256:   0.0000  1.0000  1
257:   0.5019  0.4981  1
258:   0.6216  0.3784  1
259:   0.0000  1.0000  1
260:   0.0000  1.0000  1
261:   0.4162  0.5838  1
262:   0.4493  0.5507  1

  1:   0.2691  0.7309  1
  2:   0.5076  0.4924  1
  3:   0.9132  0.0868  1
  4:   0.4809  0.5191  1
  5:   1.0000  0.0000  1
  6:   0.0000  1.0000  1
  7:   1.0000  0.0000  1
  8:   0.0000  1.0000  1
  9:   0.2061  0.7939  1
 10:   0.7993  0.2007  1
 11:   0.3746  0.6254  1
 12:   0.0000  1.0000  1
 13:   1.0000  0.0000  1
 14:   1.0000  0.0000  1
 15:   0.7899  0.2101  1
 16:   0.0000  1.0000  1
 17:   1.0000  0.0000  1
 18:   0.8936  0.1064  1
 19:   0.9245  0.0755  1
 20:   0.5524  0.4476  1
 21:   1.0000  0.0000  1
 22:   0.0000  1.0000  1
 23:   1.0000  0.0000  1
 24:   1.0000  0.0000  1
 25:   1.0000  0.0000  1
 26:   1.0000  0.0000  1
 27:   1.0000  0.0000  1
 28:   0.3836  0.6164  1
 29:   0.4222  0.5778  1
 30:   1.0000  0.0000  1
 31:   0.9352  0.0648  1
 32:   0.6194  0.3806  1
 33:   1.0000  0.0000  1
 34:   0.0000  1.0000  1
 35:   1.0000  0.0000  1
 36:   1.0000  0.0000  1
 37:   0.0000  1.0000  1
 38:   1.0000  0.0000  1
 39:   1.0000  0.0000  1
 40:   1.0000  0.0000  1
 41:   0.4622  0.5378  1
 42:   1.0000  0.0000  1
 43:   0.0000  1.0000  1
 44:   0.0000  1.0000  1
 45:   1.0000  0.0000  1
 46:   0.4904  0.5096  1
 47:   1.0000  0.0000  1
 48:   1.0000  0.0000  1
 49:   1.0000  0.0000  1
 50:   0.0000  1.0000  1
 51:   1.0000  0.0000  1
 52:   1.0000  0.0000  1
 53:   0.1172  0.8828  1
 54:   1.0000  0.0000  1
 55:   0.0000  1.0000  1
 56:   0.9096  0.0904  1
 57:   1.0000  0.0000  1
 58:   0.0423  0.9577  1
 59:   1.0000  0.0000  1
 60:   0.1761  0.8239  1
 61:   0.0000  1.0000  1
 62:   1.0000  0.0000  1
 63:   0.7623  0.2377  1
 64:   0.0000  1.0000  1
 65:   0.4187  0.5813  1
 66:   1.0000  0.0000  1
 67:   0.5652  0.4348  1
 68:   0.6225  0.3775  1
 69:   1.0000  0.0000  1
 70:   0.0000  1.0000  1
 71:   0.6563  0.3437  1
 72:   0.0000  1.0000  1
 73:   0.6476  0.3524  1
 74:   0.2254  0.7746  1
 75:   0.6589  0.3411  1
 76:   1.0000  0.0000  1
 77:   0.0000  1.0000  1
 78:   0.0000  1.0000  1
 79:   0.2982  0.7018  1
 80:   1.0000  0.0000  1
 81:   0.5602  0.4398  1
 82:   0.0000  1.0000  1
 83:   1.0000  0.0000  1
 84:   0.2770  0.7230  1
 85:   1.0000  0.0000  1
 86:   1.0000  0.0000  1
 87:   0.0000  1.0000  1
 88:   0.5470  0.4530  1
 89:   0.6072  0.3928  1
 90:   0.3689  0.6311  1
 91:   0.0000  1.0000  1
 92:   0.8363  0.1637  1
 93:   1.0000  0.0000  1
 94:   1.0000  0.0000  1
 95:   1.0000  0.0000  1
 96:   0.0000  1.0000  1
 97:   0.5243  0.4757  1
 98:   0.4451  0.5549  1
 99:   0.5206  0.4794  1
100:   1.0000  0.0000  1
101:   0.6122  0.3878  1
102:   0.5173  0.4827  1
103:   0.9172  0.0828  1
104:   0.0000  1.0000  1
105:   0.2798  0.7202  1
106:   0.6250  0.3750  1
107:   0.9997  0.0003  1
108:   0.3775  0.6225  1
109:   1.0000  0.0000  1
110:   1.0000  0.0000  1
111:   1.0000  0.0000  1
112:   0.8846  0.1154  1
113:   1.0000  0.0000  1
114:   0.5294  0.4706  1
115:   0.3207  0.6793  1
116:   0.5261  0.4739  1
117:   1.0000  0.0000  1
118:   1.0000  0.0000  1
119:   0.7261  0.2739  1
120:   0.5334  0.4666  1
121:   0.3941  0.6059  1
122:   0.5270  0.4730  1
123:   0.5288  0.4712  1
124:   0.9106  0.0894  1
125:   1.0000  0.0000  1
126:   0.5261  0.4739  1
127:   0.1706  0.8294  1
128:   0.0730  0.9270  1
129:   1.0000  0.0000  1
130:   0.0000  1.0000  1
131:   1.0000  0.0000  1
132:   0.4527  0.5473  1
133:   0.0000  1.0000  1
134:   0.5327  0.4673  1
135:   0.9247  0.0753  1
136:   0.7325  0.2675  1
137:   1.0000  0.0000  1
138:   0.5157  0.4843  1
139:   1.0000  0.0000  1
140:   1.0000  0.0000  1
141:   0.6929  0.3071  1
142:   0.4543  0.5457  1
143:   1.0000  0.0000  1
144:   0.6229  0.3771  1
145:   0.3405  0.6595  1
146:   1.0000  0.0000  1
147:   0.7206  0.2794  1
148:   0.7929  0.2071  1
149:   0.0000  1.0000  1
150:   0.0000  1.0000  1
151:   0.3834  0.6166  1
152:   0.6572  0.3428  1
153:   0.2704  0.7296  1
154:   0.8377  0.1623  1
155:   0.5664  0.4336  1
156:   0.7502  0.2498  1
157:   1.0000  0.0000  1
158:   0.6179  0.3821  1
159:   0.6195  0.3805  1
160:   0.0000  1.0000  1
161:   0.4455  0.5545  1
162:   1.0000  0.0000  1
163:   0.8728  0.1272  1
164:   0.7881  0.2119  1
165:   0.3242  0.6758  1
166:   0.9264  0.0736  1
167:   0.5326  0.4674  1
168:   1.0000  0.0000  1
169:   1.0000  0.0000  1
170:   0.4488  0.5512  1
171:   0.8294  0.1706  1
172:   1.0000  0.0000  1
173:   0.0000  1.0000  1
174:   1.0000  0.0000  1
175:   1.0000  0.0000  1
176:   1.0000  0.0000  1
177:   0.7683  0.2317  1
178:   1.0000  0.0000  1
179:   1.0000  0.0000  1
180:   1.0000  0.0000  1
181:   0.9514  0.0486  1
182:   1.0000  0.0000  1
183:   0.9170  0.0830  1
184:   1.0000  0.0000  1
185:   0.7701  0.2299  1
186:   0.7452  0.2548  1
187:   1.0000  0.0000  1
188:   0.8139  0.1861  1
189:   0.8603  0.1397  1
190:   1.0000  0.0000  1
191:   0.0000  1.0000  1
192:   0.6594  0.3406  1
193:   0.9933  0.0067  1
194:   0.9670  0.0330  1
195:   0.4819  0.5181  1
196:   0.5188  0.4812  1
197:   0.0000  1.0000  1
198:   0.0000  1.0000  1
199:   0.0000  1.0000  1
200:   0.5293  0.4707  1
201:   0.7456  0.2544  1
202:   0.3222  0.6778  1
203:   0.0000  1.0000  1
204:   0.0000  1.0000  1
205:   0.4055  0.5945  1
206:   0.0000  1.0000  1
207:   0.4367  0.5633  1
208:   0.0000  1.0000  1
209:   0.0000  1.0000  1
210:   0.0000  1.0000  1
211:   0.0000  1.0000  1
212:   0.8241  0.1759  1
213:   1.0000  0.0000  1
214:   0.3718  0.6282  1
215:   0.7968  0.2032  1
216:   0.0000  1.0000  1
217:   0.0000  1.0000  1
218:   0.9091  0.0909  1
219:   0.2879  0.7121  1
220:   0.0000  1.0000  1
221:   1.0000  0.0000  1
222:   0.0000  1.0000  1
223:   1.0000  0.0000  1
224:   0.6372  0.3628  1
225:   1.0000  0.0000  1
226:   0.3997  0.6003  1
227:   0.0000  1.0000  1
228:   0.8180  0.1820  1
229:   0.6188  0.3812  1
230:   1.0000  0.0000  1
231:   1.0000  0.0000  1
232:   0.0000  1.0000  1
233:   0.7613  0.2387  1
234:   0.6753  0.3247  1
235:   1.0000  0.0000  1
236:   0.0000  1.0000  1
237:   1.0000  0.0000  1
238:   0.0000  1.0000  1
239:   0.5552  0.4448  1
240:   0.6471  0.3529  1
241:   0.0000  1.0000  1
242:   1.0000  0.0000  1
243:   0.4449  0.5551  1
244:   0.2237  0.7763  1
245:   0.5076  0.4924  1
246:   0.7529  0.2471  1
247:   0.0000  1.0000  1
248:   0.6618  0.3382  1
249:   0.7555  0.2445  1
250:   0.3334  0.6666  1
251:   1.0000  0.0000  1
252:   0.5098  0.4902  1
253:   0.5412  0.4588  1
254:   0.9277  0.0723  1
255:   1.0000  0.0000  1
256:   0.0000  1.0000  1
257:   0.5019  0.4981  1
258:   0.6216  0.3784  1
259:   0.0000  1.0000  1
260:   0.0000  1.0000  1
261:   0.4162  0.5838  1
262:   0.4493  0.5507  1

